time,sample_at,depth_deg,position,velocity,feedback_torque,command_position,command_velocity,kp,kd,feedforward_torque,estimated_torque,limited,phase,temperature_c,held_j1,held_j2,held_j3,held_j4,held_j5,held_j6
9.808980394154787e-06,-0.0014045521384105086,0.0,1.399607690547036,0.002517738612951348,1.0358739604791332,1.399607690546974,-1.8974555380665004e-08,60,2.4,0.7469535735842705,0.7409109553705373,False,approach,38.0,0.00019180590524214836,0.00019180590524214836,0.00019180590524214836,0.00019180590524214836,0.00029659014262470307,0.00019180590524214836
0.002096822950989008,0.0007801851606927812,0.0,1.399607690547036,0.01258869306477095,1.0371557183184557,1.3996070880968492,-0.0008602324566217629,60,2.4,0.7371243198009855,0.704810751538432,False,approach,38.0,0.00019180590524214836,0.00019180590524214836,0.00019180590524214836,0.00019180590524214836,0.00029659014262470307,0.00019180590524214836
0.004185238969512284,0.002925511565990746,0.0,1.399607690547036,0.04078736552986584,0.9816128786144809,1.399602928363452,-0.003399907484684916,60,2.4,0.7273880660682256,0.6210528798182554,False,approach,38.0,0.00019180590524214836,0.00019180590524214836,0.00019180590524214836,0.00019180590524214836,0.00029659014262470307,0.00019180590524214836
0.00627962697762996,0.004979433258995414,0.0,1.399607690547036,-0.021652552071415698,0.959395742732891,1.3995917012026409,-0.007592522652673449,60,2.4,0.7177279197980577,0.7505126297393288,False,approach,38.0,0.00019180590524214836,0.00019180590524214836,0.00019180590524214836,0.00019180590524214836,0.00029659014262470307,0.00019180590524214836
0.00836163095664233,0.0070156584260985255,0.02197933771202081,1.3992240787365535,-0.03776607919432706,0.9461509117265585,1.3995701688114033,-0.013353038530058549,60,2.4,0.7082319304679497,0.7875886325531797,False,approach,38.0,0.00019180590524214836,0.00019180590524214836,0.00019180590524214836,0.00019180590524214836,0.00029659014262470307,0.00019180590524214836
0.010448002954944968,0.009083364449907094,0.0,1.399607690547036,0.0035248340581404136,0.9192339971007861,1.3995349349436723,-0.0206777634500051,60,2.4,0.6988269429374149,0.636375372716042,False,approach,38.0,0.00019180590524214836,0.00019180590524214836,0.00019180590524214836,0.00019180590524214836,0.00029659014262470307,0.00019180590524214836
0.012645719980355352,0.01118104561464861,0.02197933771202081,1.3992240787365535,-0.05589379720760235,0.8833447775997563,1.3994795187781293,-0.03002866912596585,60,2.4,0.6890443864822483,0.7664470963727202,False,approach,38.0,0.00019180590524214836,0.00019180590524214836,0.00019180590524214836,0.00019180590524214836,0.00029659014262470307,0.00019180590524214836
0.014734497002791613,0.013390781648922712,0.02197933771202081,1.3992240787365535,-0.006546120393679189,0.9217975127794311,1.399406187298465,-0.04042812988160767,60,2.4,0.6798690747928913,0.6094787657365581,False,approach,38.0,0.00019180590524214836,0.00019180590524214836,0.00019180590524214836,0.00019180590524214836,0.00029659014262470307,0.00019180590524214836
0.016830027976538986,0.015478118497412652,0.02197933771202081,1.3992240787365535,0.019638361181051778,0.8850537880521863,1.3993092782187277,-0.052299725979338726,60,2.4,0.6707878932134625,0.5032484529589789,False,approach,38.0,0.00019180590524214836,0.00019180590524214836,0.00019180590524214836,0.00019180590524214836,0.00029659014262470307,0.00019180590524214836
0.01892446499550715,0.017585175461135805,0.04395867542404162,1.398840466926071,-0.022659647516590553,0.8419012741283289,1.3991860903871705,-0.06556307732757936,60,2.4,0.6618393011640915,0.5796084772836856,False,approach,38.0,0.00019180590524214836,0.00019180590524214836,0.00019180590524214836,0.00019180590524214836,0.00029659014262470307,0.00019180590524214836
0.021106972999405116,0.019685197912622243,0.04395867542404162,1.398840466926071,-0.03776607919432706,0.8372014953841465,1.3990266062117795,-0.0808259403768551,60,2.4,0.6526546829459844,0.5604793732504295,False,approach,38.0,0.00019180590524214836,0.00019180590524214836,0.00019180590524214836,0.00019180590524214836,0.00029659014262470307,0.00019180590524214836
0.023283639980945736,0.021974292758386582,0.06593801313606243,1.3984568551155885,-0.07804989700160547,0.823956664377814,1.398832816895865,-0.09746689297328229,60,2.4,0.6436416280506405,0.6195985445352088,False,approach,38.0,0.00019180590524214836,0.00019180590524214836,0.00019180590524214836,0.00019180590524214836,0.00029659014262470307,0.00019180590524214836
0.02542156196432188,0.024041559372562915,0.06593801313606243,1.3984568551155885,-0.07603570611124155,0.7944762340733966,1.3986057741882332,-0.1151452959083476,60,2.4,0.6349362190047841,0.5500083478504113,False,approach,38.0,0.00019180590524214836,0.00019180590524214836,0.00019180590524214836,0.00019180590524214836,0.00029659014262470307,0.00019180590524214836
0.027516049973201007,0.026178431464359164,0.08791735084818501,1.3980732433051042,-0.12135500114442266,0.8047302967879766,1.3983453797408105,-0.13370272973937758,60,2.4,0.6265532498957326,0.6132468874102209,False,approach,38.0,0.00019180590524214836,0.00019180590524214836,0.00019180590524214836,0.00019180590524214836,0.00029659014262470307,0.00019180590524214836
0.029606861004140228,0.028230983880348504,0.08791735084818501,1.3980732433051042,-0.1253833829251505,0.7684138246738392,1.3980454349614497,-0.1534073686579673,60,2.4,0.6183327134931051,0.5494066471150774,False,approach,38.0,0.00019180590524214836,0.00019180590524214836,0.00019180590524214836,0.00019180590524214836,0.00029659014262470307,0.00019180590524214836
0.031694184988737106,0.03036777098895982,0.10989668856020582,1.3976896314946217,-0.12236209658961172,0.7632867933165493,1.3977037035654252,-0.174212850845284,60,2.4,0.6102770755679416,0.4866795896025385,False,approach,38.0,0.00019180590524214836,0.00019180590524214836,0.00019180590524214836,0.00019180590524214836,0.00029659014262470307,0.00019180590524214836
0.034015369950793684,0.03241130622336641,0.13187602627222664,1.3973060196841391,-0.13948271915769794,0.7359426260776694,1.3972712422265148,-0.19862828402430951,60,2.4,0.6015011306262629,0.45746512748893287,False,approach,38.0,0.00019180590524214836,0.00019180590524214836,0.00019180590524214836,0.00019180590524214836,0.00029659014262470307,0.00019180590524214836
0.03610571997705847,0.03241130622336641,0.13187602627222664,1.3973060196841391,-0.13948271915769794,0.7359426260776694,1.3968320813983566,-0.22172186106149613,60,2.4,0.5937665223655963,0.36795628464952645,False,approach,38.0,0.00019180590524214836,0.00019180590524214836,0.00019180590524214836,0.00019180590524214836,0.00029659014262470307,0.00019180590524214836
0.03819888597354293,0.03241130622336641,0.13187602627222664,1.3973060196841391,-0.13948271915769794,0.7359426260776694,1.396342897618461,-0.2458528051323819,60,2.4,0.5861857527463159,0.273110222466391,False,approach,38.0,0.00019180590524214836,0.00019180590524214836,0.00019180590524214836,0.00019180590524214836,0.00029659014262470307,0.00019180590524214836
0.04025548096979037,0.04022675281157717,0.21979337712041164,1.3957715724422073,-0.20091554131380462,0.714152742809187,1.3958120878753535,-0.2705014425773221,60,2.4,0.5789014171271979,0.4143261800835282,False,approach,38.0,0.00019180590524214836,0.00019180590524214836,0.00019180590524214836,0.00019180590524214836,0.00029659014262470307,0.00019180590524214836
0.04233704396756366,0.040974439529236406,0.21979337712041164,1.3957715724422073,-0.2190432593270799,0.6932173647669195,1.395222268122493,-0.2963555429805464,60,2.4,0.5716980973391707,0.3531903573879974,False,approach,38.0,0.00019180590524214836,0.00019180590524214836,0.00019180590524214836,0.00019180590524214836,0.00029659014262470307,0.00019180590524214836
0.044419819954782724,0.04307705076644197,0.24177271483243246,1.3953879606317248,-0.214007782101163,0.6778362706950496,1.3945773271449962,-0.32309504124540844,60,2.4,0.5646651697853199,0.2542177386354144,False,approach,38.0,0.00019180590524214836,0.00019180590524214836,0.00019180590524214836,0.00019180590524214836,0.00029659014262470307,0.00019180590524214836
0.04662672395352274,0.04517736402340233,0.263752052544555,1.3950043488212405,-0.27141222247654184,0.6598916609445347,1.393832193421448,-0.35233086729479723,60,2.4,0.557408105484025,0.29287403393265965,False,approach,38.0,0.00019180590524214836,0.00019180590524214836,0.00019180590524214836,0.00019180590524214836,0.00029659014262470307,0.00019180590524214836
0.048781538964249194,0.04743417364079505,0.30771072796859666,1.3942371252002754,-0.2824902723735363,0.5962310215915156,1.3930414620490634,-0.38172531406800336,60,2.4,0.5505204026016948,0.24061651346225377,False,approach,38.0,0.00019180590524214836,0.00019180590524214836,0.00019180590524214836,0.00019180590524214836,0.00029659014262470307,0.00019180590524214836
0.050920782960020006,0.04957567050587386,0.35166940339274005,1.3934699015793086,-0.3026321812771755,0.5470969710841533,1.392192942610297,-0.41168981482115297,60,2.4,0.5438804834748475,0.20552462482860634,False,approach,38.0,0.00019180590524214836,0.00019180590524214836,0.00019180590524214836,0.00019180590524214836,0.00029659014262470307,0.00019180590524214836
0.05311747797532007,0.051681362849194556,0.39562807881678164,1.3927026779583436,-0.34694438086518176,0.5308613717860684,1.391254089742462,-0.4432215658784675,60,2.4,0.5372721420352943,0.21929160505050804,False,approach,38.0,0.00019180590524214836,0.00019180590524214836,0.00019180590524214836,0.00019180590524214836,0.00029659014262470307,0.00019180590524214836
0.055433362955227494,0.053978347103111446,0.4395867542408233,1.3919354543373785,-0.39729915312427977,0.503089951934081,1.390188390742323,-0.47724585335063646,60,2.4,0.5305407081033917,0.23384481185679912,False,approach,38.0,-0.0005754177157246687,0.00019180590524214836,0.00019180590524214836,-0.00019180590524214836,0.00029659014262470307,0.00019180590524214836
0.05757811799412593,0.05617778969462961,0.48354542966496666,1.3911682307164117,-0.3429159990844539,0.46591897459372866,1.3891304212603215,-0.5094210079652953,60,2.4,0.5245269887537231,0.0026464000742904004,False,approach,38.0,-0.0005754177157246687,0.00019180590524214836,0.00019180590524214836,-0.00019180590524214836,0.00029659014262470307,0.00019180590524214836
0.05968083196785301,0.058372815838083625,0.5275041050890082,1.3904010070954467,-0.3831998168917323,0.376195925841154,1.3880255820361198,-0.5415397237287686,60,2.4,0.5188411868197268,-0.0037000931487719546,False,approach,38.0,-0.0005754177157246687,0.00019180590524214836,0.00019180590524214836,-0.00019180590524214836,0.00029659014262470307,0.00019180590524214836
0.06176827597664669,0.060424759809393436,0.5934421182251725,1.3892501716639973,-0.46880292973220605,0.34970626382848913,1.3868614137489261,-0.5739434149210446,60,2.4,0.5134065190679213,0.11774387971043654,False,approach,38.0,-0.0005754177157246687,0.00019180590524214836,0.00019180590524214836,-0.00019180590524214836,0.00029659014262470307,0.00019180590524214836
0.06382367899641395,0.0625217588385567,0.6374007936493159,1.3884829480430305,-0.40837720302128844,0.36679636835278906,1.3856485386580675,-0.6063117412904928,60,2.4,0.5082635463410858,-0.13684390860278728,False,approach,38.0,-0.0005754177157246687,0.00019180590524214836,0.00019180590524214836,-0.00019180590524214836,0.00029659014262470307,0.00019180590524214836
0.06591891899006441,0.06455233972519636,0.7033388067853783,1.387332112611583,-0.43859006637674725,0.32278934920271674,1.3843432260199562,-0.6397358182542369,60,2.4,0.5032376818538982,-0.15884531814968317,False,approach,38.0,-0.0005754177157246687,0.00019180590524214836,0.00019180590524214836,-0.00019180590524214836,0.00029659014262470307,0.00019180590524214836
0.06800933898193762,0.0666717835702002,0.7472974822095217,1.3865648889906161,-0.441611352712286,0.22366674296177713,1.3829707135055338,-0.6734701831490716,60,2.4,0.4984456023723791,-0.27366611978084665,False,approach,38.0,-0.0005754177157246687,0.00019180590524214836,0.00019180590524214836,-0.00019180590524214836,0.00029659014262470307,0.00019180590524214836
0.07009815599303693,0.06877004151465371,0.813235495345686,1.3854140535591668,-0.46678873884184213,0.24759288929579704,1.3815284503928027,-0.7075208864704886,60,2.4,0.4938830405540187,-0.31701030373657907,False,approach,38.0,-0.0005754177157246687,0.00019180590524214836,0.00019180590524214836,-0.00019180590524214836,0.00029659014262470307,0.00019180590524214836
0.07218373694922775,0.070931498601567,0.8791735084817484,1.3842632181277192,-0.594689860379944,0.22409399557488463,1.3800171433653858,-0.7418161193016304,60,2.4,0.48955690097004,-0.11831060618201183,False,approach,38.0,-0.0005754177157246687,0.00019180590524214836,0.00019180590524214836,-0.00019180590524214836,0.00029659014262470307,0.00019180590524214836
0.07426839595427737,0.07298020872985944,0.9451115216179126,1.38311238269627,-0.5191577019913041,0.1360799572747382,1.378434755115524,-0.7763490461575137,60,2.4,0.4854658182549061,-0.4124510625887484,False,approach,38.0,-0.0005754177157246687,0.00019180590524214836,0.00019180590524214836,-0.00019180590524214836,0.00029659014262470307,0.00019180590524214836
0.07647319696843624,0.07501870923442766,1.0110495347540767,1.3819615472648206,-0.5836118104829495,0.11941710536354577,1.3766825855933496,-0.8130983590292373,60,2.4,0.48139716549846684,-0.38610825130088483,False,approach,38.0,-0.0005754177157246687,0.00019180590524214836,0.00019180590524214836,-0.00019180590524214836,0.00029659014262470307,0.00019180590524214836
0.0785542389494367,0.07728174969088286,1.0769875478901392,1.380810711833373,-0.6319523918516836,0.12069886320286827,1.374954251979329,-0.8479520326727297,60,2.4,0.4778047191959465,-0.3919820100172063,False,approach,38.0,-0.0005754177157246687,0.00019180590524214836,0.00019180590524214836,-0.00019180590524214836,0.00029659014262470307,0.00019180590524214836
0.0806394990067929,0.07931866537546739,1.1649048987383241,1.3792762645914411,-0.5967040512703079,0.12753490501258824,1.3731495321981313,-0.8829940962773997,60,2.4,0.4744506109390182,-0.5802494406765931,False,approach,38.0,-0.0005754177157246687,0.00019180590524214836,0.00019180590524214836,-0.00019180590524214836,0.00029659014262470307,0.00019180590524214836
0.0827403889852576,0.08139436651254073,1.2528222495865091,1.3777418173495093,-0.745754177157238,0.13009842069123323,1.3712573042239073,-0.9183730093969237,60,2.4,0.47132420977078493,-0.33203177514057713,False,approach,38.0,-0.0005754177157246687,0.00019180590524214836,0.00019180590524214836,-0.00019180590524214836,0.00029659014262470307,0.00019180590524214836
0.08482535899383947,0.0834728357149288,1.340739600434694,1.3762073701075774,-0.7477683680476019,0.17026016632333807,1.3693058925733295,-0.9535126702920613,60,2.4,0.46847660070496744,-0.4393983767366132,False,approach,38.0,-0.0005754177157246687,0.00019180590524214836,0.00019180590524214836,-0.00019180590524214836,0.00029659014262470307,0.00019180590524214836
0.08690883597591892,0.08557893353281543,1.428656951282981,1.3746729228656438,-0.7870450904097055,0.1629968719005106,1.3672827007350483,-0.9886112059993254,60,2.4,0.46588906243875455,-0.461282942812062,False,approach,38.0,-0.0005754177157246687,0.00019180590524214836,0.00019180590524214836,-0.00019180590524214836,0.00029659014262470307,0.00019180590524214836
0.08900103997439146,0.08762567391386256,1.516574302131166,1.373138475623712,-0.875669489585718,0.22238498512245464,1.3651775032179023,-1.0237957327236915,60,2.4,0.463554448980027,-0.3696068788996865,False,approach,38.0,-0.0005754177157246687,0.00019180590524214836,0.00019180590524214836,-0.00019180590524214836,0.00029659014262470307,0.00019180590524214836
0.09109594795154408,0.08977258839877322,1.6484503284033927,1.370836804760815,-0.9945067521171893,0.3018539711604493,1.362995932632589,-1.0589191330551757,60,2.4,0.4614858784369959,-0.16355616350774055,False,approach,38.0,-0.0005754177157246687,0.00019180590524214836,0.00019180590524214836,-0.00019180590524214836,0.00029659014262470307,0.00019180590524214836
0.09319357300410047,0.09193558496190235,1.7583470169637003,1.3689187457083989,-0.9461661707484552,0.3283436331731142,1.36073796098454,-1.0939355586336654,60,2.4,0.4596886451290563,-0.3858049692269797,False,approach,38.0,-0.0005754177157246687,0.00019180590524214836,0.00019180590524214836,-0.00019180590524214836,0.00029659014262470307,0.00019180590524214836
0.09528542595217004,0.09397866600193083,1.868243705523906,1.3670006866559845,-1.0065918974593728,0.4039673456931414,1.3584132531338455,-1.128658030838312,60,2.4,0.4581736799380585,-0.3500310514997342,False,approach,38.0,-0.0005754177157246687,0.00019180590524214836,0.00019180590524214836,-0.00019180590524214836,0.00029659014262470307,0.00019180590524214836
0.097576672967989,0.09601948678027838,2.000119731796133,1.3646990157930876,-1.0992446784161203,0.5761501487754632,1.355783908121784,-1.166409777387336,60,2.4,0.4568371438757956,-0.23926555393334176,False,approach,38.0,-0.0005754177157246687,0.00019180590524214836,0.00019180590524214836,-0.00019180590524214836,0.00029659014262470307,0.00019180590524214836
0.09967503795633093,0.09601948678027838,2.000119731796133,1.3646990157930876,-1.0992446784161203,0.5761501487754632,1.3533003469248377,-1.2006766159409255,60,2.4,0.45591384913049016,-0.4714429330240373,False,approach,38.0,-0.0005754177157246687,0.00019180590524214836,0.00019180590524214836,-0.00019180590524214836,0.00029659014262470307,0.00019180590524214836
0.10176960699027404,0.09601948678027838,2.000119731796133,1.3646990157930876,-1.0992446784161203,0.5761501487754632,1.350749921357534,-1.234532646295492,60,2.4,0.4554616555728824,-0.7061751334708251,False,approach,38.0,-0.0005754177157246687,0.00019180590524214836,0.00019180590524214836,-0.00019180590524214836,0.00029659014262470307,0.00019180590524214836
0.10382899700198323,0.10349156841402873,2.5276238368852426,1.3554923323414965,-1.2634012359807798,0.513344014648661,1.3481736346063968,-1.267372964163296,60,2.4,0.35075257861849946,-0.09790143312551747,True,approach,38.0,-0.0005754177157246687,0.00019180590524214836,0.00019180590524214836,-0.00019180590524214836,0.00029659014262470307,0.00019180590524214836
0.10593184095341712,0.10460762999719009,2.615541187733428,1.3539578850995646,-1.3641107804989758,0.507362478065156,1.3454737932315153,-1.3003167131510969,60,2.4,0.45693244273584055,0.10099269228779051,False,approach,38.0,-0.0005754177157246687,0.00019180590524214836,0.00019180590524214836,-0.00019180590524214836,0.00029659014262470307,0.00019180590524214836
0.10802038799738511,0.10667712119175121,2.7913758894297978,1.350888990615701,-1.4275577935454393,0.4830090791180286,1.3427244691768603,-1.3323147427906672,60,2.4,0.45888643176428057,0.19759846724529706,False,approach,38.0,-0.0005754177157246687,0.00019180590524214836,0.00019180590524214836,-0.00019180590524214836,0.00029659014262470307,0.00019180590524214836
0.11010387499118224,0.10877176269423217,2.9672105911261677,1.3478200961318372,-1.4184939345388017,0.3808957045853365,1.339916081112145,-1.3633867673038806,60,2.4,0.46166011268042767,0.11967641286271408,False,approach,38.0,-0.0005754177157246687,0.00019180590524214836,0.00019180590524214836,-0.00019180590524214836,0.00029659014262470307,0.00019180590524214836
0.11218727199593559,0.11083557410165668,3.1430452928225376,1.3447512016479735,-1.5040970473792683,0.32150759136339424,1.3370440771545595,-1.3934787089366254,60,2.4,0.4652681531733961,0.26832469583090324,False,approach,38.0,-0.0005754177157246687,0.00019180590524214836,0.00019180590524214836,-0.00019180590524214836,0.00029659014262470307,0.00019180590524214836
0.11427123995963484,0.11298100027488545,3.2969006568067853,1.342065918974594,-1.4396429388876228,0.29416342412451435,1.3341097010999297,-1.4224683729479106,60,2.4,0.4697230980820725,0.033568983857518886,False,approach,38.0,-0.0005754177157246687,0.00019180590524214836,0.00019180590524214836,-0.00019180590524214836,0.00029659014262470307,0.00019180590524214836
0.11636493599507958,0.11501526646316051,3.4727353585031553,1.3389970244907303,-1.4225223163195295,0.22452124818799213,1.3311020746057813,-1.4503422333973377,60,2.4,0.4750620209734253,-0.06540277311025355,False,approach,38.0,-0.0005754177157246687,0.00019180590524214836,0.00019180590524214836,-0.00019180590524214836,0.00029659014262470307,0.00019180590524214836
0.11865088297054172,0.1170798068633303,3.6265907224875047,1.3363117418173491,-1.3802243076218872,0.2287937743190671,1.3277533691762382,-1.4791866327752878,60,2.4,0.48189245586852103,-0.26911948296629584,False,approach,38.0,0.00019180590524214836,0.00019180590524214836,0.00019180590524214836,0.0005754177157246687,0.00029659014262470307,0.00019180590524214836
0.1207362639834173,0.11942188139073551,3.824404761895895,1.332859235523003,-1.4013733119707084,0.2775005722133219,1.3246426463180674,-1.503910486632031,60,2.4,0.4890473753488583,-0.2500371961344466,False,approach,38.0,0.00019180590524214836,0.00019180590524214836,0.00019180590524214836,0.0005754177157246687,0.00029659014262470307,0.00019180590524214836
0.12282270600553602,0.12146996468072757,4.000239463592266,1.3297903410391392,-1.46381322957199,0.37363241016250903,1.3214804454664237,-1.5269924302161415,60,2.4,0.4970995409723803,-0.15312427493651015,False,approach,38.0,0.00019180590524214836,0.00019180590524214836,0.00019180590524214836,0.0005754177157246687,0.00029659014262470307,0.00019180590524214836
0.12490984000032768,0.12353274982888252,4.176074165288635,1.3267214465552755,-1.5242389562829075,0.49198138399328606,1.318270855647947,-1.5482937933196652,60,2.4,0.5060598567027126,-0.058707206625214114,False,approach,38.0,0.00019180590524214836,0.00019180590524214836,0.00019180590524214836,0.0005754177157246687,0.00029659014262470307,0.00019180590524214836
0.1270104599534534,0.1256804371951148,4.373888204697026,1.3232689402609292,-1.5413595788510008,0.5650415808346683,1.3149976464571893,-1.567792647120907,60,2.4,0.5160038439239006,-0.04371314814826921,False,approach,38.0,0.00019180590524214836,0.00019180590524214836,0.00019180590524214836,0.0005754177157246687,0.00029659014262470307,0.00019180590524214836
0.12911061896011233,0.12779022206086665,4.549722906393396,1.3202000457770655,-1.5594872968642761,0.6769817654688346,1.3116863707753232,-1.5852064351607382,60,2.4,0.5268855140944289,-0.04566091792161653,False,approach,38.0,0.00019180590524214836,0.00019180590524214836,0.00019180590524214836,0.0005754177157246687,0.00029659014262470307,0.00019180590524214836
0.13120891398284584,0.12993360619293526,4.747536945801787,1.3167475394827193,-1.5534447241931844,0.7273975738155194,1.3083438097180422,-1.6003917939345416,60,2.4,0.5387074644726509,-0.07818928878723053,False,approach,38.0,0.00019180590524214836,0.00019180590524214836,0.00019180590524214836,0.0005754177157246687,0.00029659014262470307,0.00019180590524214836
0.1333001459715888,0.13197014841716737,4.945350985210178,1.313295033188373,-1.5917143511100988,0.6052033264667731,1.304983218348374,-1.6131908538633348,60,2.4,0.5514457047165309,0.0011932077088252502,False,approach,38.0,0.00019180590524214836,0.00019180590524214836,0.00019180590524214836,0.0005754177157246687,0.00029659014262470307,0.00019180590524214836
0.13538877299288288,0.13403767650015652,5.14316502461867,1.309842526894025,-1.6823529411764753,0.5483787289234758,1.301602644788423,-1.623513346150538,60,2.4,0.5651320697485598,0.21195417147468903,False,approach,38.0,0.00019180590524214836,0.00019180590524214836,0.00019180590524214836,0.0005754177157246687,0.00029659014262470307,0.00019180590524214836
0.13747088698437437,0.13612889643991366,5.340979064027061,1.3063900205996788,-1.6763103685053835,0.5223163195239184,1.2982138199464686,-1.6312232636482338,60,2.4,0.5797458690170375,0.197382881481583,False,approach,38.0,0.00019180590524214836,0.00019180590524214836,0.00019180590524214836,0.0005754177157246687,0.00029659014262470307,0.00019180590524214836
0.13964779395610094,0.1381810026941821,5.538793103435452,1.3029375143053326,-1.7296864271000274,0.42447547112230133,1.2946566290050059,-1.636385401409757,60,2.4,0.5960728982137422,0.32314224185079105,False,approach,38.0,0.00019180590524214836,0.00019180590524214836,0.00019180590524214836,0.0005754177157246687,0.00029659014262470307,0.00019180590524214836
0.1417332449927926,0.14038416801486164,5.758586480555864,1.2991013962005038,-1.7176012817578439,0.4385748073548488,1.2912414045756586,-1.6384135554094807,60,2.4,0.6127303206211406,0.331181366366501,False,approach,38.0,0.00019180590524214836,0.00019180590524214836,0.00019180590524214836,0.0005754177157246687,0.00029659014262470307,0.00019180590524214836
0.1438296469859779,0.1424754957552068,5.956400519964356,1.2956488899061558,-1.7196154726482078,0.31851682307164175,1.2878071131826583,-1.637438865551112,60,2.4,0.6304891068207517,0.3572063604439309,False,approach,38.0,0.00019180590524214836,0.00019180590524214836,0.00019180590524214836,0.0005754177157246687,0.00029659014262470307,0.00019180590524214836
0.14591176097746938,0.14458021556492895,6.176193897084768,1.291812771801327,-1.7478141451133027,0.4035400930800339,1.284401487163141,-1.633346753284564,60,2.4,0.6491443193547344,0.4791889814525492,False,approach,38.0,0.00019180590524214836,0.00019180590524214836,0.00019180590524214836,0.0005754177157246687,0.00029659014262470307,0.00019180590524214836
0.14799300295999274,0.14662878133822232,6.374007936493159,1.2883602655069808,-1.6430762188143788,0.39456778820477645,1.2810091559848715,-1.6260119545774476,60,2.4,0.6688163003668877,0.2687039632089665,False,approach,38.0,0.00019180590524214836,0.00019180590524214836,0.00019180590524214836,0.0005754177157246687,0.00029659014262470307,0.00019180590524214836
0.15007527795387432,0.1487750051310286,6.57182197590155,1.2849077592126346,-1.6954451819638408,0.5406881818875409,1.2776339122534917,-1.6152945315614287,60,2.4,0.6895344003813212,0.4454651437985361,False,approach,38.0,0.00019180590524214836,0.00019180590524214836,0.00019180590524214836,0.0005754177157246687,0.00029659014262470307,0.00019180590524214836
0.1521634939708747,0.15083603037055582,6.76963601530994,1.2814552529182883,-1.61286335545892,0.6897993438620595,1.2742751075486893,-1.6010185452367935,60,2.4,0.7113639602741941,0.3089827826313583,False,approach,38.0,0.00019180590524214836,0.00019180590524214836,0.00019180590524214836,0.0005754177157246687,0.00029659014262470307,0.00019180590524214836
0.15424959600204602,0.15297084720805287,6.967450054718433,1.2780027466239403,-1.6249485008011035,0.7688410772869467,1.2709532663251732,-1.583095483382642,60,2.4,0.7342349804122317,0.4117134042905155,False,approach,38.0,0.00019180590524214836,0.00019180590524214836,0.00019180590524214836,0.0005754177157246687,0.00029659014262470307,0.00019180590524214836
0.1563388539943844,0.15497617091750726,7.165264094126824,1.274550240329594,-1.6642252231632,0.7906309605554291,1.267667820540824,-1.561342953637846,60,2.4,0.758217387644833,0.5921896471794812,False,approach,38.0,0.00019180590524214836,0.00019180590524214836,0.00019180590524214836,0.0005754177157246687,0.00029659014262470307,0.00019180590524214836
0.15843819099245593,0.1570844742236659,7.341098795823194,1.2714813458457304,-1.5463950560769106,0.8410467689021139,1.264416436447336,-1.5355168848541672,60,2.4,0.7834123741216324,0.38562542115255727,False,approach,38.0,0.00019180590524214836,0.00019180590524214836,0.00019180590524214836,0.0005754177157246687,0.00029659014262470307,0.00019180590524214836
0.16086413798620924,0.15918339154450223,7.538912835231585,1.2680288395513841,-1.6460975051499247,0.8094300755321591,1.260732648587914,-1.5005393337809552,60,2.4,0.8139116695632969,0.7254798230406165,False,approach,38.0,0.00019180590524214836,0.00019180590524214836,0.00019180590524214836,0.0005754177157246687,0.00029659014262470307,0.00019180590524214836
0.16312284296145663,0.15918339154450223,7.538912835231585,1.2680288395513841,-1.6460975051499247,0.8094300755321591,1.2573849924753562,-1.462848189307067,60,2.4,0.8436578082452713,0.6448253417064529,False,approach,38.0,0.00019180590524214836,0.00019180590524214836,0.00019180590524214836,0.0005754177157246687,0.00029659014262470307,0.00019180590524214836
0.16526814899407327,0.15918339154450223,7.538912835231585,1.2680288395513841,-1.6460975051499247,0.8094300755321591,1.2542893761413012,-1.4223141245756665,60,2.4,0.8731288823852079,0.5858411911584525,False,approach,38.0,0.00019180590524214836,0.00019180590524214836,0.00019180590524214836,0.0005754177157246687,0.00029659014262470307,0.00019180590524214836
0.16734921099850908,0.16688708466244861,8.198292966592922,1.256520485236896,-1.461799038681626,0.5740138857099257,1.2513743107902862,-1.37844493252394,60,2.4,0.9028634946243248,0.7941428826061758,False,approach,38.0,0.00019180590524214836,0.00019180590524214836,0.00019180590524214836,0.0005754177157246687,0.00029659014262470307,0.00019180590524214836
0.1694557019509375,0.16813216678565368,8.330168992865149,1.2542188143739992,-1.5262531471732714,0.5218890669108109,1.2485215070381344,-1.3293393732635643,60,2.4,0.9341225393496506,1.0648771565810584,False,approach,38.0,0.00019180590524214836,0.00019180590524214836,0.00019180590524214836,0.0005754177157246687,0.00029659014262470307,0.00019180590524214836
0.17157966695958748,0.17018134414684027,8.484024356849497,1.251533531700618,-1.408422980086982,0.516762035553521,1.2457549637602103,-1.2748983423484368,60,2.4,0.9668354599138598,0.9405805140619095,False,approach,38.0,0.00019180590524214836,0.00019180590524214836,0.00019180590524214836,0.0005754177157246687,0.00029659014262470307,0.00019180590524214836
0.17367984598968178,0.17237564810784534,8.637879720833846,1.2488482490272368,-1.3218127718013335,0.5188982986190585,1.2431383489949408,-1.2160623161234092,60,2.4,1.000373204824599,0.911580296513858,False,approach,38.0,0.00019180590524214836,0.00019180590524214836,0.00019180590524214836,0.0005754177157246687,0.00029659014262470307,0.00019180590524214836
0.17576808197190985,0.17443915054900572,8.791735084818095,1.2461629663538574,-1.25836575875487,0.5103532463569085,1.2406644091764099,-1.152489989099776,60,2.4,1.0349061611635721,0.9590945776889468,False,approach,38.0,0.00019180590524214836,0.00019180590524214836,0.00019180590524214836,0.0005754177157246687,0.00029659014262470307,0.00019180590524214836
0.17782541899941862,0.17647478816797957,8.923611111090423,1.2438612954909587,-1.1737697413595853,0.6000762951094831,1.2383621232962638,-1.0847815187886043,60,2.4,1.070095727574762,0.9537171300634246,False,approach,38.0,0.00019180590524214836,0.00019180590524214836,0.00019180590524214836,0.0005754177157246687,0.00029659014262470307,0.00019180590524214836
0.179912602994591,0.17857644509058446,9.077466475074772,1.2411760128175775,-1.1929045548180426,0.7303883421072719,1.2361742458470926,-1.0108078556379476,60,2.4,1.1069913262103916,1.2439173860135233,False,approach,38.0,0.00019180590524214836,0.00019180590524214836,0.00019180590524214836,0.0005754177157246687,0.00029659014262470307,0.00019180590524214836
0.1821558880037628,0.18063173134578392,9.187363163634977,1.2392579537651631,-1.0206912336919203,0.7795223926146342,1.2340015266052062,-0.9252148453597877,60,2.4,1.1480019460267448,1.0617596484264498,False,approach,38.0,0.0009590295262071891,0.00019180590524214836,0.00019180590524214836,0.0005754177157246687,0.00029659014262470307,0.00019180590524214836
0.1842369099613279,0.18292434385512024,9.319239189907204,1.2369562829022662,-0.9814145113298167,0.818829633020524,1.2321637914680084,-0.8400311252031317,60,2.4,1.187314006467403,1.2390846471159753,False,approach,38.0,0.0009590295262071891,0.00019180590524214836,0.00019180590524214836,0.0005754177157246687,0.00029659014262470307,0.00019180590524214836
0.18632629798958078,0.18497809767723083,9.42913587846741,1.2350382238498518,-0.9300526436255439,0.9427328908216985,1.2305029703010024,-0.7487674390269433,60,2.4,1.2280234901312768,1.3909927682369525,False,approach,38.0,0.0009590295262071891,0.00019180590524214836,0.00019180590524214836,0.0005754177157246687,0.00029659014262470307,0.00019180590524214836
0.18841688899556175,0.18707439140416682,9.539032567027718,1.2331201647974357,-0.8021515220874278,1.0110933089188983,1.229038174883635,-0.6515610552981882,60,2.4,1.2700108502222944,1.3865085756884268,False,approach,38.0,0.0009590295262071891,0.00019180590524214836,0.00019180590524214836,0.0005754177157246687,0.00029659014262470307,0.00019180590524214836
0.1905017879907973,0.18918220477644354,9.626949917875903,1.2315857175555038,-0.7276264591439627,1.0679179064621955,1.2277859977846022,-0.5486156913465099,60,2.4,1.3131450395624316,1.514787696022219,False,approach,38.0,0.0009590295262071891,0.00019180590524214836,0.00019180590524214836,0.0005754177157246687,0.00029659014262470307,0.00019180590524214836
0.19258219900075346,0.1912467748625204,9.714867268724088,1.230051270313572,-0.7004348821240569,1.1418326085297945,1.2267567923802885,-0.4397806931477355,60,2.4,1.3574531501556297,1.7853545277017897,False,approach,38.0,0.0009590295262071891,0.00019180590524214836,0.00019180590524214836,0.0005754177157246687,0.00029659014262470307,0.00019180590524214836
0.1946734509547241,0.19339494971791282,9.78080528186015,1.2289004348821244,-0.5866330968184883,1.164476997024492,1.2259569587257615,-0.3240899555480961,60,2.4,1.403278959045176,1.8567739287123417,False,approach,38.0,0.0009590295262071891,0.00019180590524214836,0.00019180590524214836,0.0005754177157246687,0.00029659014262470307,0.00019180590524214836
0.19681690295692533,0.19543799431994557,9.846743294996314,1.227749599450675,-0.5594415197985825,1.2204470893415742,1.225395314815504,-0.19882536835676182,60,2.4,1.4515995749601815,2.175821260310281,False,approach,38.0,0.0009590295262071891,0.00019180590524214836,0.00019180590524214836,0.0005754177157246687,0.00029659014262470307,0.00019180590524214836
0.19893084897194058,0.19763537362450734,9.912681308132479,1.2265987640192257,-0.4899519340810201,1.1734493018997494,1.2251115480523813,-0.06851300457293474,60,2.4,1.5006065628203404,2.4228270356290795,False,approach,38.0,0.0009590295262071891,0.00019180590524214836,0.00019180590524214836,0.0005754177157246687,0.00029659014262470307,0.00019180590524214836
0.20101736194919795,0.1996828536503017,9.934660645844499,1.2262151522087432,-0.34694438086518176,1.2349736781872291,1.2251080640859122,0.06517441732642439,60,2.4,1.510843128780087,2.4335029570700817,False,withdrawal,38.0,0.0009590295262071891,0.00019180590524214836,0.00019180590524214836,0.0005754177157246687,0.00029659014262470307,0.00019180590524214836
0.20321743295062333,0.2017805059440434,9.95663998355652,1.2258315403982607,-0.13948271915769794,1.265735866330969,1.2254015445827435,0.2003050936255938,60,2.4,1.4787057130765113,2.268396714825381,False,withdrawal,38.0,0.0009590295262071891,0.00019180590524214836,0.00019180590524214836,0.0005754177157246687,0.00029659014262470307,0.00019180590524214836
0.20530922600300983,0.20397102751303464,9.95663998355652,1.2258315403982607,-0.06596475165942195,1.3170061799038688,1.2259485926428813,0.3215837823686349,60,2.4,1.4487087864866908,2.38584840283126,False,withdrawal,38.0,0.0009590295262071891,0.00019180590524214836,0.00019180590524214836,0.0005754177157246687,0.00029659014262470307,0.00019180590524214836
0.2073919209651649,0.2060256057884544,9.95663998355652,1.2258315403982607,0.01258869306477095,1.283680476081484,1.2267381944913727,0.43555438450224815,60,2.4,1.419385467950835,2.4889023729874986,False,withdrawal,38.0,0.0009590295262071891,0.00019180590524214836,0.00019180590524214836,0.0005754177157246687,0.00029659014262470307,0.00019180590524214836
0.20947561896173283,0.20813227636972442,9.934660645844499,1.2262151522087432,0.10926985580223914,1.297352559700924,1.2277588240243147,0.5429964611421458,60,2.4,1.3905921093583418,2.5241562711084056,False,withdrawal,38.0,0.0009590295262071891,0.00019180590524214836,0.00019180590524214836,0.0005754177157246687,0.00029659014262470307,0.00019180590524214836
0.2115602979902178,0.21022752491990104,9.912681308132479,1.2265987640192257,0.22810711833371045,1.2999160753795689,1.228997262300669,0.6440844254837749,60,2.4,1.3623313431060091,2.504586777152764,False,withdrawal,38.0,0.0009590295262071891,0.00019180590524214836,0.00019180590524214836,0.0005754177157246687,0.00029659014262470307,0.00019180590524214836
0.2136487839743495,0.21232505701482296,9.868722632708335,1.2273659876401926,0.3127031357289951,1.3144426642252238,1.230442731498731,0.7391165940750132,60,2.4,1.3345681149678592,2.5425650465106067,False,withdrawal,38.0,0.0009590295262071891,0.00019180590524214836,0.00019180590524214836,0.0005754177157246687,0.00029659014262470307,0.00019180590524214836
0.21573306299978867,0.21437876363052055,9.824763957284294,1.2281332112611576,0.44866102082856685,1.3123064011596863,1.2320768262609203,0.8279107919403534,60,2.4,1.3074099850423107,2.4542263356963607,False,withdrawal,38.0,0.0009590295262071891,0.00019180590524214836,0.00019180590524214836,0.0005754177157246687,0.00029659014262470307,0.00019180590524214836
0.2178114900016226,0.21652546909172088,9.758825944148128,1.229284046692607,0.5292286564431237,1.284534981307699,1.23388452327606,0.9106179303196857,60,2.4,1.2808754124883035,2.4722382647992376,False,withdrawal,38.0,0.0009590295262071891,0.00019180590524214836,0.00019180590524214836,0.0005754177157246687,0.00029659014262470307,0.00019180590524214836
0.21991958399303257,0.21854286984307691,9.692887931011965,1.2304348821240563,0.5936827649347691,1.2738536659800115,1.2358875311275757,0.9887297116177579,60,2.4,1.2545212147087699,2.5297928269591057,False,withdrawal,38.0,0.0009590295262071891,0.00019180590524214836,0.00019180590524214836,0.0005754177157246687,0.00029659014262470307,0.00019180590524214836
0.22202266898239031,0.2206871109083295,9.626949917875903,1.2315857175555038,0.6128175783932264,1.2858167391470214,1.2380439165520654,1.0610376287506895,60,2.4,1.2287913620794666,2.6920114227310696,False,withdrawal,38.0,0.0009590295262071891,0.00019180590524214836,0.00019180590524214836,0.0005754177157246687,0.00029659014262470307,0.00019180590524214836
0.2243354480015114,0.2227783286361955,9.539032567027718,1.2331201647974357,0.6611581597619605,1.282825970855269,1.2405838107050162,1.1342862766490984,60,2.4,1.2011443398599413,2.784470574843904,False,withdrawal,38.0,0.0009590295262071891,0.00019180590524214836,0.00019180590524214836,0.0005754177157246687,0.00029659014262470307,0.00019180590524214836
0.22642168996389955,0.2227783286361955,9.539032567027718,1.2331201647974357,0.6611581597619605,1.282825970855269,1.243014329247497,1.1949121899875204,60,2.4,1.1253404604549715,3.0,True,withdrawal,38.0,0.0009590295262071891,0.00019180590524214836,0.00019180590524214836,0.0005754177157246687,0.00029659014262470307,0.00019180590524214836
0.228511378983967,0.2227783286361955,9.539032567027718,1.2331201647974357,0.6611581597619605,1.282825970855269,1.2455704001827255,1.2506313621187224,60,2.4,0.8382501912263853,3.0,True,withdrawal,38.0,0.0009590295262071891,0.00019180590524214836,0.00019180590524214836,0.0005754177157246687,0.00029659014262470307,0.00019180590524214836
0.23060387297300622,0.2303271121927537,9.187363163634977,1.2392579537651631,0.851499198901351,1.0986800946059372,1.2482414658568994,1.3015697483656923,60,2.4,1.1296276175622264,2.748807661780824,False,withdrawal,38.0,0.0009590295262071891,0.00019180590524214836,0.00019180590524214836,0.0005754177157246687,0.00029659014262470307,0.00019180590524214836
0.23271004296839237,0.23138257110258564,9.121425150498814,1.2404087891966125,0.9290455481803619,1.054673075455863,1.2510326136640333,1.3480999501162978,60,2.4,1.1067179963422715,2.749878029033767,False,withdrawal,38.0,0.0009590295262071891,0.00019180590524214836,0.00019180590524214836,0.0005754177157246687,0.00029659014262470307,0.00019180590524214836
0.2348204620066099,0.23348174232523888,9.011528461938607,1.2423268482490268,1.0398260471503775,1.0128023193713283,1.2539228035545649,1.3901177339810107,60,2.4,1.0843263903897675,2.6207837571155688,False,withdrawal,38.0,0.0009590295262071891,0.00019180590524214836,0.00019180590524214836,0.0005754177157246687,0.00029659014262470307,0.00019180590524214836
0.23690848797559738,0.23554450034862384,8.857673097954258,1.245012130922408,1.1475852597848473,0.9687953002212559,1.256864980406398,1.427311617820147,60,2.4,1.0627275229574185,2.4452417512815385,False,withdrawal,38.0,0.0009590295262071891,0.00019180590524214836,0.00019180590524214836,0.0005754177157246687,0.00029659014262470307,0.00019180590524214836
0.23901832499541342,0.23766722076106817,8.703817733970011,1.2476974135957875,1.2613870450904088,0.9141069657434961,1.2599122631353512,1.4606299340343358,60,2.4,1.041463011300868,2.2525369171401177,False,withdrawal,38.0,0.0009590295262071891,0.00019180590524214836,0.00019180590524214836,0.0005754177157246687,0.00029659014262470307,0.00019180590524214836
0.24111084995092824,0.23977620649384335,8.549962369985662,1.2503826962691686,1.3399404898146017,0.9346150911726561,1.2629996691023821,1.4895963779651527,60,2.4,1.0209278808320144,2.1371203823861467,False,withdrawal,38.0,0.0009590295262071891,0.00019180590524214836,0.00019180590524214836,0.0005754177157246687,0.00029659014262470307,0.00019180590524214836
0.24319352500606328,0.24187434400664642,8.374127668289292,1.2534515907530324,1.330876630807964,0.9901579308766308,1.2661286528857798,1.5145443897645277,60,2.4,1.0010368796879687,2.2024632291485684,False,withdrawal,38.0,0.0009590295262071891,0.00019180590524214836,0.00019180590524214836,0.0005754177157246687,0.00029659014262470307,0.00019180590524214836
0.24545990396291018,0.2439789321506396,8.220272304304942,1.2561368734264136,1.4517280842297993,1.055527580682078,1.2695879734267337,1.5374651744164378,60,2.4,0.9800102699299249,1.992845286397065,False,withdrawal,38.0,-0.0005754177157246687,0.00019180590524214836,0.00019180590524214836,-0.0005754177157246687,0.00029659014262470307,0.00019180590524214836
0.24754611699609086,0.2461738884449005,8.022458264896551,1.2595893797207598,1.4527351796749812,1.1807125963225769,1.2728141716072903,1.554825351711419,60,2.4,0.9612235872961279,1.9997275133754069,False,withdrawal,38.0,-0.0005754177157246687,0.00019180590524214836,0.00019180590524214836,-0.0005754177157246687,0.00029659014262470307,0.00019180590524214836
0.2496271089767106,0.24837728310376406,7.824644225488161,1.263041886015106,1.5635156786450004,1.2345464255741216,1.276064787286904,1.5687186125023171,60,2.4,0.9430249093014702,1.7368860268669073,False,withdrawal,38.0,-0.0005754177157246687,0.00019180590524214836,0.00019180590524214836,-0.0005754177157246687,0.00029659014262470307,0.00019180590524214836
0.25171139696612954,0.2503789262846112,7.64880952379179,1.2661107804989697,1.6350194552529196,1.3353780422674912,1.279346084308035,1.5793470832230758,60,2.4,0.9253370091839352,1.585841544856231,False,withdrawal,38.0,-0.0005754177157246687,0.00019180590524214836,0.00019180590524214836,-0.0005754177157246687,0.00029659014262470307,0.00019180590524214836
0.2537946439697407,0.2524259089259431,7.4509954843834,1.269563286793316,1.677317463950562,1.3174334325169763,1.2826445745170045,1.5868214691620177,60,2.4,0.9081953922374257,1.4758822681662327,False,withdrawal,38.0,-0.0005754177157246687,0.00019180590524214836,0.00019180590524214836,-0.0005754177157246687,0.00029659014262470307,0.00019180590524214836
0.25589506299002096,0.2545447460724972,7.231202107262886,1.2733994048981465,1.7457999542229352,1.3405050736247812,1.285982800605635,1.59130837833065,60,2.4,0.8914540594068892,1.2756780197147188,False,withdrawal,38.0,-0.0005754177157246687,0.00019180590524214836,0.00019180590524214836,-0.0005754177157246687,0.00029659014262470307,0.00019180590524214836
0.2579869659966789,0.25663440104108304,7.011408730142475,1.2772355230029753,1.7619134813458466,1.2161745632104992,1.2893137904588274,1.5928695748112356,60,2.4,0.875318523522659,1.1943091951907228,False,withdrawal,38.0,-0.0005754177157246687,0.00019180590524214836,0.00019180590524214836,-0.0005754177157246687,0.00029659014262470307,0.00019180590524214836
0.2600802719825879,0.25878316978923976,6.813594690734084,1.2806880292973215,1.701487754634929,1.0939803158617547,1.2926473605178808,1.5916605079762083,60,2.4,0.8597067641887697,1.3136812454413955,False,withdrawal,38.0,-0.0005754177157246687,0.00019180590524214836,0.00019180590524214836,-0.0005754177157246687,0.00029659014262470307,0.00019180590524214836
0.26218116196105257,0.2608685144223273,6.593801313613571,1.284524147402152,1.6833600366216537,0.9217975127794311,1.2959876541890782,1.5877913815605897,60,2.4,0.8445731564285066,1.3030187914975255,False,withdrawal,38.0,-0.0005754177157246687,0.00019180590524214836,0.00019180590524214836,-0.0005754177157246687,0.00029659014262470307,0.00019180590524214836
0.2642805799841881,0.2629686371656135,6.395987274205179,1.2879766536964983,1.7598992904554827,0.7714045929655917,1.2993148105391374,1.5813968170805974,60,2.4,0.8299820988864814,1.081865573345107,False,withdrawal,38.0,-0.0005754177157246687,0.00019180590524214836,0.00019180590524214836,-0.0005754177157246687,0.00029659014262470307,0.00019180590524214836
0.2664649710059166,0.26502339728176594,6.176193897084768,1.291812771801327,1.8404669260700395,0.6829633020523396,1.3027596122196827,1.5721975433052262,60,2.4,0.8153613373992442,0.828325243865034,False,withdrawal,38.0,-0.0005754177157246687,0.00019180590524214836,0.00019180590524214836,-0.0005754177157246687,0.00029659014262470307,0.00019180590524214836
0.26857678295345977,0.2672286602319218,5.956400519964356,1.2956488899061558,1.7931334401464873,0.6547646295872429,1.3060683314605623,1.5609659369708813,60,2.4,0.8017664504890796,0.869730936132018,False,withdrawal,38.0,-0.0005754177157246687,0.00019180590524214836,0.00019180590524214836,-0.0005754177157246687,0.00029659014262470307,0.00019180590524214836
0.2706956479814835,0.26939157280139625,5.736607142843843,1.2994850080109863,1.8052185854886709,0.6791180285343721,1.3093619309226638,1.5475135763923917,60,2.4,0.7886558999217386,0.76277925279132,False,withdrawal,38.0,-0.0005754177157246687,0.00019180590524214836,0.00019180590524214836,-0.0005754177157246687,0.00029659014262470307,0.00019180590524214836
0.2727920199977234,0.2714293322060257,5.516813765723431,1.303321126115815,1.850537880521859,0.8060120546272991,1.3125903575634719,1.5321726791385526,60,2.4,0.7762027646579249,0.5682801681973967,False,withdrawal,38.0,-0.0005754177157246687,0.00019180590524214836,0.00019180590524214836,-0.0005754177157246687,0.00029659014262470307,0.00019180590524214836
0.27489967294968665,0.2735422321711667,5.297020388602918,1.3071572442206456,1.829388876173038,0.9222247653925386,1.315801698318648,1.5148310781509176,60,2.4,0.7641980930877202,0.5279266237147758,False,withdrawal,38.0,-0.0005754177157246687,0.00019180590524214836,0.00019180590524214836,-0.0005754177157246687,0.00029659014262470307,0.00019180590524214836
0.27698888099985197,0.275634398101829,5.077227011482506,1.3109933623254744,1.7840695811398497,1.0081025406271458,1.318946975231463,1.4958576556365364,60,2.4,0.752804281873336,0.5383124350247077,False,withdrawal,38.0,-0.0005754177157246687,0.00019180590524214836,0.00019180590524214836,-0.0005754177157246687,0.00029659014262470307,0.00019180590524214836
0.27907344995765015,0.2777789323008619,4.879412972074116,1.3144458686198206,1.700480659189747,1.0781719691767755,1.3220440113559646,1.4752676463328882,60,2.4,0.7419332378222394,0.6573105711344189,False,withdrawal,38.0,-0.0005754177157246687,0.00019180590524214836,0.00019180590524214836,-0.0005754177157246687,0.00029659014262470307,0.00019180590524214836
0.2811562749557197,0.2798880282789469,4.681598932665724,1.3178983749141668,1.699473563744565,1.0892805371175704,1.3250939592963482,1.453148177735436,60,2.4,0.7315629862168623,0.5721171227258351,False,withdrawal,38.0,-0.0005754177157246687,0.00019180590524214836,0.00019180590524214836,-0.0005754177157246687,0.00029659014262470307,0.00019180590524214836
0.2832380489562638,0.28191991796484217,4.461805555545212,1.3217344930189974,1.7306935225452058,0.9743495841916534,1.3280948155896468,1.4296005627532475,60,2.4,0.7216843215265502,0.3806805722648171,False,withdrawal,38.0,-0.0005754177157246687,0.00019180590524214836,0.00019180590524214836,-0.0005754177157246687,0.00029659014262470307,0.00019180590524214836
0.2853191909962334,0.2839694205322303,4.285970853848841,1.324803387502861,1.6178988326848263,0.8594186312657364,1.331044355276538,1.4047249440333036,60,2.4,0.7122897225256046,0.5751304561825703,False,withdrawal,38.0,-0.0005754177157246687,0.00019180590524214836,0.00019180590524214836,-0.0005754177157246687,0.00029659014262470307,0.00019180590524214836
0.2876013210043311,0.28602182754548267,4.088156814440451,1.3282558937972073,1.649118791485467,0.6611734187838572,1.3342176494105111,1.376031925727123,60,2.4,0.7025346629272069,0.4048315219054097,False,withdrawal,38.0,-0.0005754177157246687,0.00019180590524214836,0.00019180590524214836,-0.0005754177157246687,0.00029659014262470307,0.00019180590524214836
0.28969928598962724,0.28602182754548267,4.088156814440451,1.3282558937972073,1.649118791485467,0.6611734187838572,1.3370757815772685,1.3484565768515244,60,2.4,0.6940656285919997,0.5016695802742068,False,withdrawal,38.0,-0.0005754177157246687,0.00019180590524214836,0.00019180590524214836,-0.0005754177157246687,0.00029659014262470307,0.00019180590524214836
0.2918261159793474,0.28602182754548267,4.088156814440451,1.3282558937972073,1.649118791485467,0.6611734187838572,1.339913038470634,1.3194344039028498,60,2.4,0.685961859849306,0.5941480100566208,False,withdrawal,38.0,-0.0005754177157246687,0.00019180590524214836,0.00019180590524214836,-0.0005754177157246687,0.00029659014262470307,0.00019180590524214836
0.2939226979506202,0.2936329332878813,3.38481800765497,1.3405314717326622,1.4728770885786204,0.44882887006942873,1.3426485061265971,1.289870033339918,60,2.4,0.6784422310334377,0.3662473620966494,False,withdrawal,38.0,-0.0005754177157246687,0.00019180590524214836,0.00019180590524214836,-0.0005754177157246687,0.00029659014262470307,0.00019180590524214836
0.2960071069537662,0.29463727842085063,3.318879994518908,1.3416823071641097,1.4275577935454322,0.4582284275577937,1.345305745680904,1.2596303068165233,60,2.4,0.6714217694726727,0.4858021123309532,False,withdrawal,38.0,-0.0005754177157246687,0.00019180590524214836,0.00019180590524214836,-0.0005754177157246687,0.00029659014262470307,0.00019180590524214836
0.2980998219572939,0.2967842210782692,3.1430452928225376,1.3447512016479735,1.5000686655985334,0.503089951934081,1.3479093557115067,1.228510785594679,60,2.4,0.6648240842142547,0.20257441601699988,False,withdrawal,38.0,-0.0005754177157246687,0.00019180590524214836,0.00019180590524214836,-0.0005754177157246687,0.00029659014262470307,0.00019180590524214836
0.3002327639842406,0.29893383785383776,2.945231253414147,1.3482037079423197,1.5040970473792612,0.6227206836041805,1.3504952503901273,1.196101410061668,60,2.4,0.6585577594316634,0.056860776737896024,False,withdrawal,38.0,-0.0005754177157246687,0.00019180590524214836,0.00019180590524214836,-0.0005754177157246687,0.00029659014262470307,0.00019180590524214836
0.302464225969743,0.30102540779625997,2.7913758894297978,1.350888990615701,1.3641107804989687,0.7209887846189069,1.353125864706645,1.1615458210196397,60,2.4,0.6524895983202565,0.3005461410265186,False,withdrawal,38.0,-0.0005754177157246687,0.00019180590524214836,0.00019180590524214836,-0.0005754177157246687,0.00029659014262470307,0.00019180590524214836
0.304615102999378,0.30333350534783676,2.615541187733428,1.3539578850995646,1.3862668802929718,0.7577325093461518,1.3555878969860582,1.127702930641985,60,2.4,0.6471049805847324,0.12435221461197932,False,withdrawal,38.0,-0.0005754177157246687,0.00019180590524214836,0.00019180590524214836,-0.0005754177157246687,0.00029659014262470307,0.00019180590524214836
0.30675091996090487,0.305435226240661,2.4616858237490784,1.3566431677729458,1.3117418173495068,0.8619821469443814,1.3579601837375184,1.0936650352485824,60,2.4,0.6422016322613301,0.19783831309346545,False,withdrawal,38.0,-0.0005754177157246687,0.00019180590524214836,0.00019180590524214836,-0.0005754177157246687,0.00029659014262470307,0.00019180590524214836
0.3090092139900662,0.3075310575659387,2.307830459764831,1.3593284504463252,1.2190890363927664,0.9047074082551312,1.3603890031458026,1.0572998373289,60,2.4,0.6374894448175786,0.31282852903294056,False,withdrawal,38.0,-0.0017262531471740061,0.00019180590524214836,0.00019180590524214836,-0.0009590295262071891,-8.702166785959364e-05,0.00019180590524214836
0.31109657895285636,0.30979395320173353,2.1539750957804817,1.3620137331197064,1.2110322728313108,0.9128252079041737,1.3625606564941575,1.0234253168632852,60,2.4,0.6335578710013265,0.21611657914512872,False,withdrawal,38.0,-0.0017262531471740061,0.00019180590524214836,0.00019180590524214836,-0.0009590295262071891,-8.702166785959364e-05,0.00019180590524214836
0.3131847439799458,0.3118698045727797,2.0220990695082555,1.3643154039826033,1.1425497825589375,0.9029983978027012,1.3646621963730687,0.989361400561371,60,2.4,0.6300246387801234,0.28318006541388924,False,withdrawal,38.0,-0.0017262531471740061,0.00019180590524214836,0.00019180590524214836,-0.0009590295262071891,-8.702166785959364e-05,0.00019180590524214836
0.315270104969386,0.31397942430339754,1.8902230432359268,1.366617074845502,1.0881666285191116,0.8141298542763415,1.3666898043619302,0.9552378426231165,60,2.4,0.6268876409025517,0.31222232573785696,False,withdrawal,38.0,-0.0017262531471740061,0.00019180590524214836,0.00019180590524214836,-0.0009590295262071891,-8.702166785959364e-05,0.00019180590524214836
0.3173548049526289,0.315971233532764,1.7583470169637003,1.3689187457083989,1.0690318150606544,0.7372243839169919,1.3686455933423372,0.9210881279243337,60,2.4,0.6241348755441611,0.25268088445328746,False,withdrawal,38.0,-0.0017262531471740061,0.00019180590524214836,0.00019180590524214836,-0.0009590295262071891,-8.702166785959364e-05,0.00019180590524214836
0.3194371789577417,0.3180816567619331,1.6484503284033927,1.370836804760815,1.0206912336919203,0.6769817654688346,1.3705281462449923,0.8870054126613585,60,2.4,0.6217597528750132,0.2823942714523007,False,withdrawal,38.0,-0.0017262531471740061,0.00019180590524214836,0.00019180590524214836,-0.0009590295262071891,-8.702166785959364e-05,0.00019180590524214836
0.3215182209969498,0.32018984254682437,1.516574302131166,1.373138475623712,0.9582513160906387,0.5868314641031507,1.3723386753036826,0.8530367172327318,60,2.4,0.6197520217546741,0.31924896529393615,False,withdrawal,38.0,-0.0017262531471740061,0.00019180590524214836,0.00019180590524214836,-0.0009590295262071891,-8.702166785959364e-05,0.00019180590524214836
0.3235982820042409,0.32222567492863163,1.428656951282981,1.3746729228656438,0.8917830167086294,0.508216983291371,1.3740778594255711,0.8192371271429176,60,2.4,0.6181024344654874,0.4082884931034202,False,withdrawal,38.0,-0.0017262531471740061,0.00019180590524214836,0.00019180590524214836,-0.0009590295262071891,-8.702166785959364e-05,0.00019180590524214836
0.3256934009841643,0.3243852292653173,1.2967809250106526,1.3769745937285425,0.9149462119478144,0.44840161745632123,1.375758777010133,0.7854070012862997,60,2.4,0.6167933155464616,0.232950206854254,False,withdrawal,38.0,-0.0017262531471740061,0.00019180590524214836,0.00019180590524214836,-0.0009590295262071891,-8.702166785959364e-05,0.00019180590524214836
0.32778178696753457,0.3264415668672882,1.2088635741624676,1.3785090409704743,0.9501945525291831,0.4296025024795913,1.377364029357281,0.7519565787584575,60,2.4,0.6158316062621761,0.0713597724208398,False,withdrawal,38.0,-0.0017262531471740061,0.00019180590524214836,0.00019180590524214836,-0.0009590295262071891,-8.702166785959364e-05,0.00019180590524214836
0.3299817289807834,0.32853635016363114,1.0989668856022619,1.3804271000228887,0.8444495307850772,0.385595483329519,1.3789798465273309,0.7170721858748513,60,2.4,0.6151792550458285,0.2226384175278151,False,withdrawal,38.0,-0.0017262531471740061,0.00019180590524214836,0.00019180590524214836,-0.0009590295262071891,-8.702166785959364e-05,0.00019180590524214836
0.33206330199027434,0.33072738925693557,0.9890701970419542,1.3823451590753049,0.7608606088349745,0.32364385442893173,1.3804384645480736,0.684452466810567,60,2.4,0.6148932882184189,0.3171120757259662,False,withdrawal,38.0,-0.0017262531471740061,0.00019180590524214836,0.00019180590524214836,-0.0009590295262071891,-8.702166785959364e-05,0.00019180590524214836
0.33415394194889814,0.3328958249767311,0.9011528461938709,1.383879606317235,0.7810025177386137,0.37235065232318654,1.3818355320837865,0.6521209399482074,60,2.4,0.6149208224322857,0.1829605817284044,False,withdrawal,38.0,-0.0017262531471740061,0.00019180590524214836,0.00019180590524214836,-0.0009590295262071891,-8.702166785959364e-05,0.00019180590524214836
0.3362668859772384,0.33495309023419395,0.813235495345686,1.3854140535591668,0.8102082856488906,0.3317616540779742,1.3831793292938115,0.619931264957429,60,2.4,0.6152594263563043,0.02451112077547757,False,withdrawal,38.0,-0.0017262531471740061,0.00019180590524214836,0.00019180590524214836,-0.0009590295262071891,-8.702166785959364e-05,0.00019180590524214836
0.33836587297264487,0.3370355800143443,0.7253181444975009,1.3869485008010987,0.7366903181506075,0.39884031433585143,1.384447457798642,0.5884849250136959,60,2.4,0.6158952377478708,0.11013971407188872,False,withdrawal,38.0,-0.0017262531471740061,0.00019180590524214836,0.00019180590524214836,-0.0009590295262071891,-8.702166785959364e-05,0.00019180590524214836
0.3404638069914654,0.33908143173903227,0.6374007936493159,1.3884829480430305,0.6863355458915095,0.4108033875028614,1.3856495872686616,0.5576265847210075,60,2.4,0.6168189045600216,0.13791575128868228,False,withdrawal,38.0,-0.0017262531471740061,0.00019180590524214836,0.00019180590524214836,-0.0009590295262071891,-8.702166785959364e-05,0.00019180590524214836
0.3425585859804414,0.3412026352598332,0.5714627805131517,1.3896337834744799,0.6571297779812326,0.44284733348592376,1.3867859503112665,0.5274265227152966,60,2.4,0.6180184471829353,0.13586064475188753,False,withdrawal,38.0,-0.0017262531471740061,0.00019180590524214836,0.00019180590524214836,-0.0009590295262071891,-8.702166785959364e-05,0.00019180590524214836
0.3446763689862564,0.3433307938394137,0.48354542966496666,1.3911682307164117,0.6561226825360507,0.49582665751125354,1.3878711747161439,0.49755578260558136,60,2.4,0.6195022278682756,0.041118308019077565,False,withdrawal,38.0,-0.0017262531471740061,0.00019180590524214836,0.00019180590524214836,-0.0009590295262071891,-8.702166785959364e-05,0.00019180590524214836
0.346851201960817,0.34542638954008,0.39562807881678164,1.3927026779583436,0.6178530556191362,0.5411154345006484,1.3889205755768448,0.46761125286787825,60,2.4,0.6212982335939707,0.03379176410102458,False,withdrawal,38.0,-0.0017262531471740061,0.00019180590524214836,0.00019180590524214836,-0.0009590295262071891,-8.702166785959364e-05,0.00019180590524214836
0.34898560697911307,0.34786780673312023,0.3296900656806175,1.393853513389793,0.5624628061341284,0.618875410086213,1.3898879554136314,0.43897975090864483,60,2.4,0.62331757237539,0.08902476126453995,False,withdrawal,38.0,-0.0017262531471740061,0.00019180590524214836,0.00019180590524214836,-0.0009590295262071891,-8.702166785959364e-05,0.00019180590524214836
0.3512779870070517,0.34967176808277145,0.263752052544555,1.3950043488212405,0.572533760585948,0.6449378194857704,1.3908598418361964,0.40910184660432414,60,2.4,0.625756330253408,-0.01515068240513473,False,withdrawal,38.0,-0.0017262531471740061,0.00019180590524214836,0.00019180590524214836,-0.0009590295262071891,-8.702166785959364e-05,0.00019180590524214836
0.353371872974094,0.34967176808277145,0.263752052544555,1.3950043488212405,0.572533760585948,0.6449378194857704,1.3916886030500484,0.3826323750733809,60,2.4,0.6282161639092653,-0.02649190759242115,False,withdrawal,38.0,-0.0017262531471740061,0.00019180590524214836,0.00019180590524214836,-0.0009590295262071891,-8.702166785959364e-05,0.00019180590524214836
0.3554646779666655,0.34967176808277145,0.263752052544555,1.3950043488212405,0.572533760585948,0.6449378194857704,1.3924623995696717,0.3569875056877271,60,2.4,0.6308846376744904,-0.038943329175368246,False,withdrawal,38.0,-0.0017262531471740061,0.00019180590524214836,0.00019180590524214836,-0.0009590295262071891,-8.702166785959364e-05,0.00019180590524214836
0.35755172197241336,0.3573852168628946,0.10989668856020582,1.3976896314946217,0.31975280384527593,0.704753185320822,1.393181482102178,0.3322446160996372,60,2.4,0.6337433311603196,0.3932347170241641,False,withdrawal,38.0,-0.0017262531471740061,0.00019180590524214836,0.00019180590524214836,-0.0009590295262071891,-8.702166785959364e-05,0.00019180590524214836
0.3596589549561031,0.3583317990996875,0.08791735084818501,1.3980732433051042,0.3006179903868116,0.7128709849698645,1.393856033571717,0.3081267064615534,60,2.4,0.6368180543278021,0.4018063889039482,False,withdrawal,38.0,-0.0017262531471740061,0.00019180590524214836,0.00019180590524214836,-0.0009590295262071891,-8.702166785959364e-05,0.00019180590524214836
0.36176999495364726,0.360419781121891,0.06593801313606243,1.3984568551155885,0.1586175326161623,0.7316700999465944,1.3944817801320863,0.2848559086003011,60,2.4,0.6400760247231271,0.7045436280749319,False,withdrawal,38.0,-0.0017262531471740061,0.00019180590524214836,0.00019180590524214836,-0.0009590295262071891,-8.702166785959364e-05,0.00019180590524214836
0.3638343549682759,0.36252762557705864,0.04395867542404162,1.398840466926071,0.140489814602887,0.7594415197985818,1.3950470931846668,0.2629786502447889,60,2.4,0.6434220929383542,0.7097928739946665,False,withdrawal,38.0,-0.0017262531471740061,0.00019180590524214836,0.00019180590524214836,-0.0009590295262071891,-8.702166785959364e-05,0.00019180590524214836
0.3659451039857231,0.3645865694270469,0.02197933771202081,1.3992240787365535,0.1455252918287897,0.7701228351262692,1.3955793680275181,0.24152329338233816,60,2.4,0.6469947587938224,0.6587073199802157,False,withdrawal,38.0,-0.0017262531471740061,0.00019180590524214836,0.00019180590524214836,-0.0009590295262071891,-8.702166785959364e-05,0.00019180590524214836
0.36804453196236864,0.36669449956389144,0.02197933771202081,1.3992240787365535,0.11128404669260306,0.7940489814602891,1.3960648395043818,0.2211117689534823,60,2.4,0.6506875999543686,0.724719779450173,False,withdrawal,38.0,-0.0017262531471740061,0.00019180590524214836,0.00019180590524214836,-0.0009590295262071891,-8.702166785959364e-05,0.00019180590524214836
0.37018653098493814,0.36877760337665677,0.0,1.399607690547036,0.09517051956969169,0.823102159151599,1.396517015564143,0.20125152415401792,60,2.4,0.6545853127321211,0.7237392247609269,False,withdrawal,38.0,-0.0017262531471740061,0.00019180590524214836,0.00019180590524214836,-0.0009590295262071891,-8.702166785959364e-05,0.00019180590524214836
0.3724162199650891,0.37097714649280533,0.0,1.399607690547036,0.08207827878233331,0.8572823682001989,1.3969436620166789,0.18162255676741143,60,2.4,0.6587673810964921,0.7378319364392484,False,withdrawal,38.0,0.0017262531471740061,0.00019180590524214836,0.00019180590524214836,0.0009590295262071891,0.00029659014262470307,0.00019180590524214836
0.3744956289883703,0.3731201004120521,-0.021979337712122585,1.3999913023575203,0.08912794689859993,0.8790722514686813,1.3973031388421662,0.16428210213919553,60,2.4,0.6627686409354814,0.6818488025916607,False,withdrawal,38.0,0.0017262531471740061,0.00019180590524214836,0.00019180590524214836,0.0009590295262071891,0.00029659014262470307,0.00019180590524214836
0.3765795569634065,0.37524797493824735,0.0,1.399607690547036,-0.00856031128404311,0.8974441138323037,1.3976281975212699,0.14784176862135248,60,2.4,0.6668631587915179,0.9234585690184973,False,withdrawal,38.0,0.0017262531471740061,0.00019180590524214836,0.00019180590524214836,0.0009590295262071891,0.00029659014262470307,0.00019180590524214836
0.37867201096378267,0.37738600256852806,0.0,1.399607690547036,-0.03776607919432706,0.9102616922255287,1.3979211026688811,0.13227927493715164,60,2.4,0.6710463138418956,0.9779598910681506,False,withdrawal,38.0,0.0017262531471740061,0.00019180590524214836,0.00019180590524214836,0.0009590295262071891,0.00029659014262470307,0.00019180590524214836
0.3807628719951026,0.37943215027917176,0.0,1.399607690547036,0.043808651865418824,0.9252155336842911,1.3981822460049003,0.11767276681100154,60,2.4,0.6752847224395682,0.7670319257808198,False,withdrawal,38.0,0.0017262531471740061,0.00019180590524214836,0.00019180590524214836,0.0009590295262071891,0.00029659014262470307,0.00019180590524214836
0.3828247969504446,0.38147769233910367,0.0,1.399607690547036,-0.047837033646146665,0.9435873960479135,1.39841082024418,0.10418864849574701,60,2.4,0.6795083213180911,0.9725577402872773,False,withdrawal,38.0,0.0017262531471740061,0.00019180590524214836,0.00019180590524214836,0.0009590295262071891,0.00029659014262470307,0.00019180590524214836
0.38491672999225557,0.3835848585003987,0.0,1.399607690547036,-0.024673838406954474,0.9329060807202261,1.3986152746776663,0.09143578080179626,60,2.4,0.6838241420132671,0.9029422759520862,False,withdrawal,38.0,0.0017262531471740061,0.00019180590524214836,0.00019180590524214836,0.0009590295262071891,0.00029659014262470307,0.00019180590524214836
0.38700414495542645,0.38567591714672744,0.02197933771202081,1.3992240787365535,-0.08912794689859993,0.9363241016250861,1.3987936609479106,0.0796329080359547,60,2.4,0.6881475435925346,1.067348528116889,False,withdrawal,38.0,0.0017262531471740061,0.00019180590524214836,0.00019180590524214836,0.0009590295262071891,0.00029659014262470307,0.00019180590524214836
0.38908986595924944,0.3877716329297982,0.02197933771202081,1.3992240787365535,-0.09114213778896385,0.938033112077516,1.3989482455909916,0.06874891166764269,60,2.4,0.6924701204887385,1.0596586504508803,False,withdrawal,38.0,0.0017262531471740061,0.00019180590524214836,0.00019180590524214836,0.0009590295262071891,0.00029659014262470307,0.00019180590524214836
0.39117439498659223,0.38987423869548365,0.02197933771202081,1.3992240787365535,-0.022659647516590553,0.9213702601663236,1.3990809957120232,0.058765970260487126,60,2.4,0.6967785781192088,0.8836150793123732,False,withdrawal,38.0,0.0017262531471740061,0.00019180590524214836,0.00019180590524214836,0.0009590295262071891,0.00029659014262470307,0.00019180590524214836
0.393368364952039,0.39192785444902256,0.02197933771202081,1.3992240787365535,-0.020645456626226633,0.9038529030289162,1.3991992653224354,0.04920798355462017,60,2.4,0.7012847157235251,0.8674441673104722,False,withdrawal,38.0,0.0017262531471740061,0.00019180590524214836,0.00019180590524214836,0.0009590295262071891,0.00029659014262470307,0.00019180590524214836
0.3955209849518724,0.39408467343309894,0.02197933771202081,1.3992240787365535,0.011581597619596096,0.9042801556420237,1.3992959321057687,0.0407562279544133,60,2.4,0.7056612317231609,0.7799915466796356,False,withdrawal,38.0,0.0017262531471740061,0.00019180590524214836,0.00019180590524214836,0.0009590295262071891,0.00029659014262470307,0.00019180590524214836
0.3976422849809751,0.3963335580774583,0.0,1.399607690547036,0.04280155642022976,0.8923170824750137,1.399374331304247,0.03330284561119289,60,2.4,0.7099147085216473,0.6731162480126189,False,withdrawal,38.0,0.0017262531471740061,0.00019180590524214836,0.00019180590524214836,0.0009590295262071891,0.00029659014262470307,0.00019180590524214836
0.3997273549903184,0.3983900833991356,0.02197933771202081,1.3992240787365535,-0.018631265735862712,0.8833447775997563,1.3994368512098705,0.026800307506724685,60,2.4,0.7140226497568118,0.8358247739380398,False,withdrawal,38.0,0.0017262531471740061,0.00019180590524214836,0.00019180590524214836,0.0009590295262071891,0.00029659014262470307,0.00019180590524214836
0.40192976099206135,0.4004722209647298,0.02197933771202081,1.3992240787365535,-0.0417944609750549,0.8709544518196388,1.399489099296986,0.020790587660379778,60,2.4,0.718266297013779,0.8843716473647678,False,withdrawal,38.0,0.0017262531471740061,0.00019180590524214836,0.00019180590524214836,0.0009590295262071891,0.00029659014262470307,0.00019180590524214836
0.40408515598392114,0.402776462957263,0.02197933771202081,1.3992240787365535,-0.028702220187682315,0.8846265354390788,1.3995283170240536,0.015732793631488426,60,2.4,0.7223072016364666,0.8472055320524786,False,withdrawal,38.0,0.0017262531471740061,0.00019180590524214836,0.00019180590524214836,0.0009590295262071891,0.00029659014262470307,0.00019180590524214836
0.40620196698000655,0.4048783229663968,0.02197933771202081,1.3992240787365535,-0.028702220187682315,0.8735179674982838,1.3995570382689269,0.011526446660878069,60,2.4,0.7261509343742866,0.8426773067532315,False,withdrawal,38.0,0.0017262531471740061,0.00019180590524214836,0.00019180590524214836,0.0009590295262071891,0.00029659014262470307,0.00019180590524214836
0.40831968997372314,0.40697517682565376,0.02197933771202081,1.3992240787365535,0.06092927443350504,0.8816357671473263,1.3995776311646841,0.00803888708103803,60,2.4,0.7298558493799413,0.6241320654218577,False,withdrawal,38.0,0.0017262531471740061,0.00019180590524214836,0.00019180590524214836,0.0009590295262071891,0.00029659014262470307,0.00019180590524214836
0.410437632992398,0.4090880154981278,0.04395867542404162,1.398840466926071,-0.06898603799496072,0.8837720302128638,1.3995915709886495,0.005235633138040379,60,2.4,0.7334038319361649,0.9566020864100775,False,withdrawal,38.0,0.0017262531471740061,0.00019180590524214836,0.00019180590524214836,0.0009590295262071891,0.00029659014262470307,0.00019180590524214836
0.4125331940012984,0.4111734565231018,0.04395867542404162,1.398840466926071,-0.002517738612951348,0.8666819256885638,1.3996001957420154,0.003097982384066404,60,2.4,0.7367428159057821,0.795804275255291,False,withdrawal,38.0,0.0017262531471740061,0.00019180590524214836,0.00019180590524214836,0.0009590295262071891,0.00029659014262470307,0.00019180590524214836
0.41487820498878136,0.41333359421696514,0.04395867542404162,1.398840466926071,-0.0005035477225874274,0.8619821469443814,1.3996053380166011,0.0014065857196947236,60,2.4,0.7402564027760906,0.790732988469376,False,withdrawal,38.0,0.0017262531471740061,0.00019180590524214836,0.00019180590524214836,0.0009590295262071891,0.00029659014262470307,0.00019180590524214836
0.4169959269929677,0.41333359421696514,0.04395867542404162,1.398840466926071,-0.0005035477225874274,0.8619821469443814,1.3996072282263607,0.00046758789858027745,60,2.4,0.7432082596754571,0.7915446631836441,False,withdrawal,38.0,0.0017262531471740061,0.00019180590524214836,0.00019180590524214836,0.0009590295262071891,0.00029659014262470307,0.00019180590524214836
0.41910096595529467,0.41333359421696514,0.04395867542404162,1.398840466926071,-0.0005035477225874274,0.8619821469443814,1.3996076784909,4.039138901931497e-05,60,2.4,0.7459163872726244,0.7932545350302176,False,withdrawal,38.0,0.0017262531471740061,0.00019180590524214836,0.00019180590524214836,0.0009590295262071891,0.00029659014262470307,0.00019180590524214836
0.42118736798875034,0.4209787318832241,0.04395867542404162,1.398840466926071,-0.043808651865418824,0.8534370946822314,1.399607690547036,0,40,1.8,1.0137528627469652,1.1232973809433209,False,settling,38.0,0.0017262531471740061,0.00019180590524214836,0.00019180590524214836,0.0009590295262071891,0.00029659014262470307,0.00019180590524214836
0.4232761549646966,0.4219771744683385,0.04395867542404162,1.398840466926071,0.007553215838868255,0.8594186312657364,1.399607690547036,0,40,1.8,1.0138449295814815,1.03093808591012,False,settling,38.0,0.0017262531471740061,0.00019180590524214836,0.00019180590524214836,0.0009590295262071891,0.00029659014262470307,0.00019180590524214836
0.42535838996991515,0.42402042500907555,0.04395867542404162,1.398840466926071,0.08812085145342508,0.9243610284580761,1.399607690547036,0,40,1.8,1.0139369964159972,0.8860084086384337,False,settling,38.0,0.0017262531471740061,0.00019180590524214836,0.00019180590524214836,0.0009590295262071891,0.00029659014262470307,0.00019180590524214836
0.42743738798890263,0.4260903492686339,0.04395867542404162,1.398840466926071,-0.001510643167776493,0.9179522392614636,1.399607690547036,0,40,1.8,1.0140290632505131,1.0474371657911123,False,settling,38.0,0.0017262531471740061,0.00019180590524214836,0.00019180590524214836,0.0009590295262071891,0.00029659014262470307,0.00019180590524214836
0.42952538398094475,0.4281782351899892,0.04395867542404162,1.398840466926071,0.07704280155641641,0.9538414587624935,1.399607690547036,0,40,1.8,1.014121130085029,0.9061330321220811,False,settling,38.0,0.0017262531471740061,0.00019180590524214836,0.00019180590524214836,0.0009590295262071891,0.00029659014262470307,0.00019180590524214836
0.43160886998521164,0.4303387338295579,0.04395867542404162,1.398840466926071,-0.006546120393679189,0.945723659113451,1.399607690547036,0,40,1.8,1.0142131969195447,1.0566851584667691,False,settling,38.0,0.0017262531471740061,0.00019180590524214836,0.00019180590524214836,0.0009590295262071891,0.00029659014262470307,0.00019180590524214836
0.43368654599180445,0.43238802533596754,0.04395867542404162,1.398840466926071,0.07502861066605249,0.959395742732891,1.399607690547036,0,40,1.8,1.0143052637540608,0.909942709393768,False,settling,38.0,0.0017262531471740061,0.00019180590524214836,0.00019180590524214836,0.0009590295262071891,0.00029659014262470307,0.00019180590524214836
0.4359310430008918,0.4344223432126455,0.04395867542404162,1.398840466926071,0.01258869306477095,0.9529869535362785,1.399607690547036,0,40,1.8,1.0143973305885765,1.0224266279105907,False,settling,38.0,0.0017262531471740061,0.00019180590524214836,0.00019180590524214836,0.0005754177157246687,0.00029659014262470307,0.00019180590524214836
0.43811052496312186,0.436685070337262,0.04395867542404162,1.398840466926071,0.03575188830396314,0.9555504692149235,1.399607690547036,0,40,1.8,1.0144893974230926,0.9808249433145606,False,settling,38.0,0.0017262531471740061,0.00019180590524214836,0.00019180590524214836,0.0005754177157246687,0.00029659014262470307,0.00019180590524214836
0.4402739659999497,0.4389825268299319,0.02197933771202081,1.3992240787365535,-0.017624170290687857,0.9572594796673535,1.399607690547036,0,40,1.8,1.0145354308403502,1.0616034097828895,False,settling,38.0,0.0017262531471740061,0.00019180590524214836,0.00019180590524214836,0.0005754177157246687,0.00029659014262470307,0.00019180590524214836
0.4423691160045564,0.4410319395828992,0.02197933771202081,1.3992240787365535,0.05488670176241328,0.953414206149386,1.399607690547036,0,40,1.8,1.0145814642576083,0.9311298735045652,False,settling,38.0,0.0017262531471740061,0.00019180590524214836,0.00019180590524214836,0.0005754177157246687,0.00029659014262470307,0.00019180590524214836
0.44448101695161313,0.44313999777659774,0.02197933771202081,1.3992240787365535,0.13344014648660618,0.9709315632867934,1.399607690547036,0,40,1.8,1.0146274976748662,0.7897797064182759,False,settling,38.0,0.0017262531471740061,0.00019180590524214836,0.00019180590524214836,0.0005754177157246687,0.00029659014262470307,0.00019180590524214836
0.4465812660055235,0.4453483856632374,0.02197933771202081,1.3992240787365535,0.08711375600823601,0.9662317845426109,1.399607690547036,0,40,1.8,1.014673531092124,0.8732132426966,False,settling,38.0,0.0017262531471740061,0.00019180590524214836,0.00019180590524214836,0.0005754177157246687,0.00029659014262470307,0.00019180590524214836
0.44866821996401995,0.4473921824246645,0.02197933771202081,1.3992240787365535,0.018631265735862712,1.0367284657053482,1.399607690547036,0,40,1.8,1.0147195645093818,0.9965277586041298,False,settling,38.0,0.0017262531471740061,0.00019180590524214836,0.00019180590524214836,0.0005754177157246687,0.00029659014262470307,0.00019180590524214836
0.4507728879689239,0.44942047796212137,0.02197933771202081,1.3992240787365535,0.005539024948504334,0.961959258411536,1.399607690547036,0,40,1.8,1.0147655979266397,1.0201398254386327,False,settling,38.0,0.0017262531471740061,0.00019180590524214836,0.00019180590524214836,0.0005754177157246687,0.00029659014262470307,0.00019180590524214836
0.4528290019952692,0.4515632940456271,0.0,1.399607690547036,0.0005035477225874274,0.9747768368047609,1.399607690547036,0,40,1.8,1.0147655979266397,1.0138592120259824,False,settling,38.0,0.0017262531471740061,0.00019180590524214836,0.00019180590524214836,0.0005754177157246687,0.00029659014262470307,0.00019180590524214836
0.4549085009493865,0.45358423370635137,0.02197933771202081,1.3992240787365535,-0.022659647516590553,0.9863126573586634,1.399607690547036,0,40,1.8,1.0148116313438977,1.0709434692930613,False,settling,38.0,0.0017262531471740061,0.00019180590524214836,0.00019180590524214836,0.0005754177157246687,0.00029659014262470307,0.00019180590524214836
0.4570924319559708,0.4556273253983818,0.0,1.399607690547036,0.0417944609750549,0.9918669413290608,1.399607690547036,0,40,1.8,1.0148116313438975,0.9395816015887987,False,settling,38.0,0.0017262531471740061,0.00019180590524214836,0.00019180590524214836,0.0005754177157246687,0.00029659014262470307,0.00019180590524214836
0.4591723419725895,0.4578848105156794,0.0,1.399607690547036,0.06294346532386896,0.9974212252994583,1.399607690547036,0,40,1.8,1.0148116313438975,0.9015133937609334,False,settling,38.0,0.0017262531471740061,0.00019180590524214836,0.00019180590524214836,0.0005754177157246687,0.00029659014262470307,0.00019180590524214836
0.4612508289865218,0.45993242016993463,0.0,1.399607690547036,0.036758983749138,0.9974212252994583,1.399607690547036,0,40,1.8,1.0148116313438975,0.9486454605954491,False,settling,38.0,0.0017262531471740061,0.00019180590524214836,0.00019180590524214836,0.0005754177157246687,0.00029659014262470307,0.00019180590524214836
0.46333448600489646,0.46198374027153477,0.02197933771202081,1.3992240787365535,-0.02366674296177962,0.9957122148470283,1.399607690547036,0,40,1.8,1.0148576647611551,1.0728022745116594,False,settling,38.0,0.0017262531471740061,0.00019180590524214836,0.00019180590524214836,0.0005754177157246687,0.00029659014262470307,0.00019180590524214836
