time,sample_at,depth_deg,position,velocity,feedback_torque,command_position,command_velocity,kp,kd,feedforward_torque,estimated_torque,limited,phase,temperature_c,held_j1,held_j2,held_j3,held_j4,held_j5,held_j6
2.4478009436279535e-05,-0.00021646940149366856,-0.021979337712122585,1.3999913023575203,0.00856031128404311,1.0260471503776607,1.399607690547036,0,0,0.08,0.3655793800789731,0.3648945551762497,True,fall,39.0,0.00019180590524214836,0.00019180590524214836,0.00019180590524214836,0.00019180590524214836,0.00029659014262470307,0.00019180590524214836
0.0021415749797597528,0.0013921773643232882,-0.021979337712122585,1.3999913023575203,0.019638361181051778,1.0281834134431982,1.399607690547036,0,0,0.08,0.0,-0.0015710688944841423,False,fall,39.0,0.00019180590524214836,0.00019180590524214836,0.00019180590524214836,0.00019180590524214836,0.00029659014262470307,0.00019180590524214836
0.0042326319962739944,0.002893027733080089,0.0,1.399607690547036,0.0035248340581404136,0.8820630197604338,1.399607690547036,0,0,0.08,0.0,-0.0002819867246512331,False,fall,39.0,0.00019180590524214836,0.00019180590524214836,0.00019180590524214836,0.00019180590524214836,0.00029659014262470307,0.00019180590524214836
0.006322295987047255,0.004994190123397857,0.0,1.399607690547036,-0.10423437857633644,0.7620050354772268,1.399607690547036,0,0,0.08,0.0,0.008338750286106915,False,fall,39.0,0.00019180590524214836,0.00019180590524214836,0.00019180590524214836,0.00019180590524214836,0.00029659014262470307,0.00019180590524214836
0.00840845302445814,0.007067892292980105,0.02197933771202081,1.3992240787365535,-0.21098649576562423,0.6628824292362872,1.3992240787365535,0,0,0.08,0.0,0.01687891966124994,False,fall,39.0,0.00019180590524214836,0.00019180590524214836,0.00019180590524214836,0.00019180590524214836,0.00029659014262470307,0.00019180590524214836
0.010491203982383013,0.009180885623209178,0.04395867542404162,1.398840466926071,-0.16264591439689013,0.5812771801327532,1.398840466926071,0,0,0.08,0.0,0.01301167315175121,False,fall,39.0,0.00019180590524214836,0.00019180590524214836,0.00019180590524214836,0.00019180590524214836,0.00029659014262470307,0.00019180590524214836
0.012572142004501075,0.0112477513612248,0.06593801313606243,1.3984568551155885,-0.20292973220416854,0.5282978561074234,1.3984568551155885,0,0,0.08,0.0,0.016234378576333485,False,fall,39.0,0.00019180590524214836,0.00019180590524214836,0.00019180590524214836,0.00019180590524214836,0.00029659014262470307,0.00019180590524214836
0.014813930029049516,0.013299234735313803,0.10989668856020582,1.3976896314946217,-0.2794689860379975,0.5069352254520485,1.3976896314946217,0,0,0.08,0.0,0.0223575188830398,False,fall,39.0,0.00019180590524214836,0.00019180590524214836,0.00019180590524214836,0.00019180590524214836,0.00029659014262470307,0.00019180590524214836
0.016893255000468343,0.015550879354123026,0.15385536398424743,1.3969224078736566,-0.30363927672236457,0.4535286488136112,1.3969224078736566,0,0,0.08,0.0,0.024291142137789167,False,fall,39.0,0.00019180590524214836,0.00019180590524214836,0.00019180590524214836,0.00019180590524214836,0.00029659014262470307,0.00019180590524214836
0.018973771017044783,0.017658835102338344,0.21979337712041164,1.3957715724422073,-0.5100938429846593,0.4078126192111089,1.3957715724422073,0,0,0.08,0.0,0.04080750743877275,False,fall,39.0,0.00019180590524214836,0.00019180590524214836,0.00019180590524214836,0.00019180590524214836,0.00029659014262470307,0.00019180590524214836
0.021049268019851297,0.01978443330153823,0.263752052544555,1.3950043488212405,-0.4597390707255613,0.378759441519799,1.3950043488212405,0,0,0.08,0.0,0.036779125658044906,False,fall,39.0,0.00019180590524214836,0.00019180590524214836,0.00019180590524214836,0.00019180590524214836,0.00029659014262470307,0.00019180590524214836
0.02313799998955801,0.021853943006135523,0.3296900656806175,1.393853513389793,-0.5352712291142154,0.3133897917143518,1.393853513389793,0,0,0.08,0.0,0.04282169832913724,False,fall,39.0,0.00019180590524214836,0.00019180590524214836,0.00019180590524214836,0.00019180590524214836,0.00029659014262470307,0.00019180590524214836
0.0252224049763754,0.02389646868687123,0.41760741652880246,1.392319066147861,-0.6994277866788678,0.262119478141452,1.392319066147861,0,0,0.08,0.0,0.055954222934309426,False,fall,39.0,0.00019180590524214836,0.00019180590524214836,0.00019180590524214836,0.00019180590524214836,0.00029659014262470307,0.00019180590524214836
0.027303511975333095,0.02598828438203782,0.5055247673769875,1.3907846189059292,-0.6964065003433291,0.2151216906996254,1.3907846189059292,0,0,0.08,0.0,0.05571252002746633,False,fall,39.0,0.00019180590524214836,0.00019180590524214836,0.00019180590524214836,0.00019180590524214836,0.00029659014262470307,0.00019180590524214836
0.029388447001110762,0.028037783864419907,0.5934421182251725,1.3892501716639973,-0.7618677042801494,0.15274280918593064,1.3892501716639973,0,0,0.08,0.0,0.06094941634241195,False,fall,39.0,0.00019180590524214836,0.00019180590524214836,0.00019180590524214836,0.00019180590524214836,0.00029659014262470307,0.00019180590524214836
0.03148297098232433,0.030173846753314137,0.6813594690733575,1.3877157244220655,-0.8051728084229808,0.10275425345235334,1.3877157244220655,0,0,0.08,0.0,0.06441382467383847,False,fall,39.0,0.00019180590524214836,0.00019180590524214836,0.00019180590524214836,0.00019180590524214836,0.00029659014262470307,0.00019180590524214836
0.033582965028472245,0.03222827345598489,0.7692768199215425,1.3861812771801336,-0.8011444266422529,0.10019073777370835,1.3861812771801336,0,0,0.08,0.0,0.06409155413138024,False,fall,39.0,0.00019180590524214836,0.00019180590524214836,0.00019180590524214836,0.00019180590524214836,0.00029659014262470307,0.00019180590524214836
0.03577643999597058,0.034338729514274746,0.8791735084817484,1.3842632181277192,-0.8686198214694372,0.06045624475471101,1.3842632181277192,0,0,0.08,0.0,0.06948958571755498,False,fall,39.0,0.00019180590524214836,0.00019180590524214836,0.00019180590524214836,0.00019180590524214836,0.00029659014262470307,0.00019180590524214836
0.037958131986670196,0.03654655849095434,1.0110495347540767,1.3819615472648206,-0.8796978713664458,0.09591821164263337,1.3819615472648206,0,0,0.08,0.0,0.07037582970931566,False,fall,39.0,0.00019180590524214836,0.00019180590524214836,0.00019180590524214836,0.00019180590524214836,0.00029659014262470307,0.00019180590524214836
0.04006049199961126,0.03885545616503805,1.1209462233142826,1.3800434882124062,-0.9381094071869995,0.14676127260242566,1.3800434882124062,0,0,0.08,0.0,0.07504875257495996,False,fall,39.0,0.00019180590524214836,0.00019180590524214836,0.00019180590524214836,0.00019180590524214836,0.00029659014262470307,0.00019180590524214836
0.042169953987468034,0.040855790430214256,1.2308429118744884,1.3781254291599918,-0.9512016479743579,0.20059510185397045,1.3781254291599918,0,0,0.08,0.0,0.07609613183794864,False,fall,39.0,0.00019180590524214836,0.00019180590524214836,0.00019180590524214836,0.00019180590524214836,0.00029659014262470307,0.00019180590524214836
0.04427505802595988,0.04293610178865492,1.3627189381468168,1.3758237582970931,-0.9360952162966356,0.24374761577782955,1.3758237582970931,0,0,0.08,0.0,0.07488761730373085,False,fall,39.0,0.00019180590524214836,0.00019180590524214836,0.00019180590524214836,0.00019180590524214836,0.00029659014262470307,0.00019180590524214836
0.04638729599537328,0.04505019902717322,1.4726156267071244,1.373905699244677,-1.0650034332799336,0.31766231784542676,1.373905699244677,0,0,0.08,0.0,0.08520027466239469,False,fall,39.0,0.00019180590524214836,0.00019180590524214836,0.00019180590524214836,0.00019180590524214836,0.00029659014262470307,0.00019180590524214836
0.048481107980478555,0.04717495513614267,1.604491652979351,1.37160402838178,-1.0639963378347517,0.3851682307164115,1.37160402838178,0,0,0.08,0.0,0.08511970702678014,False,fall,39.0,0.00019180590524214836,0.00019180590524214836,0.00019180590524214836,0.00019180590524214836,0.00029659014262470307,0.00019180590524214836
0.05056444997899234,0.04923000046983361,1.7363676792515776,1.3693023575188832,-1.1415426871137626,0.4633554589150837,1.3693023575188832,0,0,0.08,0.0,0.09132341496910101,False,fall,39.0,0.00019180590524214836,0.00019180590524214836,0.00019180590524214836,0.00019180590524214836,0.00029659014262470307,0.00019180590524214836
0.05264547799015418,0.05129846592899412,1.8902230432359268,1.366617074845502,-1.1203936827649414,0.5163347829404135,1.366617074845502,0,0,0.08,0.0,0.08963149462119532,False,fall,39.0,0.00019180590524214836,0.00019180590524214836,0.00019180590524214836,0.00019180590524214836,0.00029659014262470307,0.00019180590524214836
0.054726063972339034,0.05339233548147604,2.044078407220276,1.3639317921721208,-1.2190890363927736,0.5505149919890133,1.3639317921721208,0,0,0.08,0.0,0.09752712291142189,False,fall,39.0,0.00019180590524214836,0.00019180590524214836,0.00019180590524214836,0.00019180590524214836,0.00029659014262470307,0.00019180590524214836
0.05701154802227393,0.05548233212903142,2.1979337712045237,1.3612465094987414,-1.310734721904332,0.5646143282215608,1.3612465094987414,0,0,0.08,0.0,0.10485877775234656,False,fall,39.0,0.00019180590524214836,0.00019180590524214836,0.00019180590524214836,0.00019180590524214836,0.00029659014262470307,0.00019180590524214836
0.05911645101150498,0.05548233212903142,2.1979337712045237,1.3612465094987414,-1.310734721904332,0.5646143282215608,1.3612465094987414,0,0,0.08,0.0,0.10485877775234656,False,fall,39.0,0.00019180590524214836,0.00019180590524214836,0.00019180590524214836,0.00019180590524214836,0.00029659014262470307,0.00019180590524214836
0.06121137598529458,0.05548233212903142,2.1979337712045237,1.3612465094987414,-1.310734721904332,0.5646143282215608,1.3612465094987414,0,0,0.08,0.0,0.10485877775234656,False,fall,39.0,0.00019180590524214836,0.00019180590524214836,0.00019180590524214836,0.00019180590524214836,0.00029659014262470307,0.00019180590524214836
0.06330019800225273,0.06309831549879164,2.8353345648538393,1.3501217669947359,-1.5594872968642761,0.3108262760357068,1.3501217669947359,0,0,0.08,0.0,0.12475898374914209,False,fall,39.0,0.00019180590524214836,0.00019180590524214836,0.00019180590524214836,0.00019180590524214836,0.00029659014262470307,0.00019180590524214836
0.06540804798714817,0.0640392538625747,2.945231253414147,1.3482037079423197,-1.6491187914854706,0.23990234225986207,1.3482037079423197,0,0,0.08,0.0,0.13192950331883765,False,fall,39.0,0.00019180590524214836,0.00019180590524214836,0.00019180590524214836,0.00019180590524214836,0.00029659014262470307,0.00019180590524214836
0.06756441097240895,0.0662373736849986,3.1430452928225376,1.3447512016479735,-1.7699702449073058,0.19888609140154045,1.3447512016479735,0,0,0.08,0.0,0.14159761959258446,False,fall,39.0,0.00019180590524214836,0.00019180590524214836,0.00019180590524214836,0.00019180590524214836,0.00029659014262470307,0.00019180590524214836
0.06969999399734661,0.06834619381697848,3.3628386699429496,1.3409150835431447,-1.7739986266880337,0.058747234302281015,1.3409150835431447,0,0,0.08,0.0,0.1419198901350427,False,fall,39.0,0.00019180590524214836,0.00019180590524214836,0.00019180590524214836,0.00019180590524214836,0.00029659014262470307,0.00019180590524214836
0.07184921397129074,0.07048831280553713,3.5826320470634627,1.3370789654383142,-1.7437857633325748,0.041229877164873585,1.3370789654383142,0,0,0.08,0.0,0.139502861066606,False,fall,39.0,0.00019180590524214836,0.00019180590524214836,0.00019180590524214836,0.00019180590524214836,0.00029659014262470307,0.00019180590524214836
0.0740466769784689,0.07264129823306575,3.8024254241838746,1.3332428473334854,-1.7488212405584846,0.10959029526207331,1.3332428473334854,0,0,0.08,0.0,0.13990569924467877,False,fall,39.0,0.00019180590524214836,0.00019180590524214836,0.00019180590524214836,0.00019180590524214836,0.00029659014262470307,0.00019180590524214836
0.0762381280073896,0.07485603424720466,4.044198139016409,1.3290231174181724,-1.765941863126578,0.2851911192492569,1.3290231174181724,0,0,0.08,0.0,0.14127534905012623,False,fall,39.0,0.00019180590524214836,0.00019180590524214836,0.00019180590524214836,0.00019180590524214836,0.00029659014262470307,0.00019180590524214836
0.07859366701450199,0.07705672143492848,4.26399151613682,1.3251869993133436,-1.843488212405589,0.44327458609903125,1.3251869993133436,0,0,0.08,0.0,0.14747905699244712,False,fall,39.0,0.0005754177157246687,0.00019180590524214836,0.00019180590524214836,0.0005754177157246687,0.00029659014262470307,0.00019180590524214836
0.08074138301890343,0.079395858629141,4.527743568681376,1.320583657587548,-1.9613183794918783,0.5851224536507207,1.320583657587548,0,0,0.08,0.0,0.15690547035935026,False,fall,39.0,0.0005754177157246687,0.00019180590524214836,0.00019180590524214836,0.0005754177157246687,0.00029659014262470307,0.00019180590524214836
0.08291746501345187,0.08149473479716107,4.7914956212259305,1.3159803158617525,-2.0338292515449794,0.6500648508430604,1.3159803158617525,0,0,0.08,0.0,0.16270634012359836,False,fall,39.0,0.0005754177157246687,0.00019180590524214836,0.00019180590524214836,0.0005754177157246687,0.00029659014262470307,0.00019180590524214836
0.08511691098101437,0.08378964161965996,5.033268336058363,1.3117605859464412,-1.9713893339436979,0.506507972838941,1.3117605859464412,0,0,0.08,0.0,0.15771114671549583,False,fall,39.0,0.0005754177157246687,0.00019180590524214836,0.00019180590524214836,0.0005754177157246687,0.00029659014262470307,0.00019180590524214836
0.08729421498719603,0.08584475080715492,5.297020388602918,1.3071572442206456,-2.0358434424353433,0.4120851453421839,1.3071572442206456,0,0,0.08,0.0,0.16286747539482746,False,fall,39.0,0.0005754177157246687,0.00019180590524214836,0.00019180590524214836,0.0005754177157246687,0.00029659014262470307,0.00019180590524214836
0.08949308097362518,0.08809282205766067,5.560772441147473,1.30255390249485,-2.1113756008239903,0.2616922255283445,1.2869291763799025,-2.1113756008239903,60,2.4,0.5750899519340807,-0.36239361496277434,False,catch,39.0,0.0005754177157246687,0.00019180590524214836,0.00019180590524214836,0.0005754177157246687,0.00029659014262470307,0.00019180590524214836
0.09180170897161588,0.09044299559900537,5.846503831404049,1.297566948958572,-2.1043259327077166,0.1399252307927057,1.282061151011653,-2.1031597680519334,60,2.4,0.6602649969891549,-0.2672840846520973,False,catch,39.0,0.0005754177157246687,0.00019180590524214836,0.00019180590524214836,0.0005754177157246687,0.00029659014262470307,0.00019180590524214836
0.09398853097809479,0.09259368607308716,6.110255883948604,1.2929636072327764,-2.277546349279014,0.1117265583276108,1.277483825048543,-2.0808398431266935,60,2.4,0.7371718353999142,0.2804805191114786,False,catch,39.0,0.0005754177157246687,0.00019180590524214836,0.00019180590524214836,0.0005754177157246687,0.00029659014262470307,0.00019180590524214836
0.09611860301811248,0.094883743673563,6.4179666119173024,1.287593041886014,-2.2654612039368303,0.22751201647974462,1.273086057909635,-2.0463512018679886,60,2.4,0.8084845764637877,0.4639295428462705,False,catch,39.0,0.0005754177157246687,0.00019180590524214836,0.00019180590524214836,0.0005754177157246687,0.00029659014262470307,0.00019180590524214836
0.09820104402024299,0.09689004276879132,6.659739326749735,1.2833733119707027,-2.251361867704283,0.4360112916762038,1.2688697212922622,-2.00125539235871,60,2.4,0.874707249945233,0.6047473500681756,False,catch,39.0,0.0005754177157246687,0.00019180590524214836,0.00019180590524214836,0.0005754177157246687,0.00029659014262470307,0.00019180590524214836
0.10041343502234668,0.09895827091531828,6.92349137929429,1.2787699702449071,-2.271503776607922,0.6586099031052122,1.2645057520068095,-1.9418725094732425,60,2.4,0.9412081457052823,0.8764700925426541,False,catch,39.0,0.0005754177157246687,0.00019180590524214836,0.00019180590524214836,0.0005754177157246687,0.00029659014262470307,0.00019180590524214836
0.10250607499619946,0.10118638613494113,7.209222769550865,1.273783016708629,-2.2080567635614585,0.8867627985046163,1.2605097853377492,-1.8756289120750809,60,2.4,1.000391006873543,1.0018239681880567,False,catch,39.0,0.0005754177157246687,0.00019180590524214836,0.00019180590524214836,0.0005754177157246687,0.00029659014262470307,0.00019180590524214836
0.10461151000345126,0.10325019125593826,7.472974822095421,1.2691796749828335,-2.171801327534908,0.9286335545891511,1.256638974212676,-1.7998860195975672,60,2.4,1.056224193862116,1.1963788867022864,False,catch,39.0,0.0005754177157246687,0.00019180590524214836,0.00019180590524214836,0.0005754177157246687,0.00029659014262470307,0.00019180590524214836
0.10671290702885017,0.10538891144096851,7.7367268746399755,1.2645763332570379,-2.1899290455481832,0.9200885023270011,1.252943482732473,-1.715969540179965,60,2.4,1.1081760020791311,1.5477077834889632,False,catch,39.0,0.0005754177157246687,0.00019180590524214836,0.00019180590524214836,0.0005754177157246687,0.00029659014262470307,0.00019180590524214836
0.10879322298569605,0.10750156303402036,8.000478927184531,1.2599729915312423,-2.1315175097276295,0.9123979552910662,1.24946664133398,-1.6254716987859765,60,2.4,1.1558314684876039,1.7399604029118385,False,catch,39.0,0.0005754177157246687,0.00019180590524214836,0.00019180590524214836,0.0005754177157246687,0.00029659014262470307,0.00019180590524214836
0.1108865049900487,0.1095409884583205,8.220272304304942,1.2561368734264136,-1.9834744792858814,0.8013122758831166,1.2461652780248216,-1.527719634465734,60,2.4,1.1999314515302455,1.69544735500308,False,catch,39.0,0.0005754177157246687,0.00019180590524214836,0.00019180590524214836,0.0005754177157246687,0.00029659014262470307,0.00019180590524214836
0.11297312297392637,0.11166530684567988,8.440065681425455,1.252300755321583,-1.8716868848706838,0.7261158159761969,1.2430843841702623,-1.4243615423611957,60,2.4,1.2399840622150449,1.7605826151585755,False,catch,39.0,0.0005754177157246687,0.00019180590524214836,0.00019180590524214836,0.0005754177157246687,0.00029659014262470307,0.00019180590524214836
0.1150451329885982,0.11369338841177523,8.659859058545868,1.2484646372167543,-1.7538567177843944,0.7534599832150768,1.2402438884743534,-1.3166326831836948,60,2.4,1.2758362667243155,1.831929025221943,False,catch,39.0,0.0005754177157246687,0.00019180590524214836,0.00019180590524214836,0.0005754177157246687,0.00029659014262470307,0.00019180590524214836
0.1171234649955295,0.11583960516145453,8.835693760242238,1.2453957427328906,-1.5292744335088173,0.811993591210804,1.237623608428521,-1.2042259440732073,60,2.4,1.3078136861792542,1.6216020025625477,False,catch,39.0,0.0005754177157246687,0.00019180590524214836,0.00019180590524214836,0.0005754177157246687,0.00029659014262470307,0.00019180590524214836
0.11920660699252039,0.11786149971885607,9.011528461938607,1.2423268482490268,-1.4950331883726307,0.9452964065003435,1.235235589736715,-1.0879419818930238,60,2.4,1.3358006962588034,1.8873440810711557,False,catch,39.0,0.0005754177157246687,0.00019180590524214836,0.00019180590524214836,0.0005754177157246687,0.00029659014262470307,0.00019180590524214836
0.12149008602136746,0.11993954179342836,9.187363163634977,1.2392579537651631,-1.3510185397116103,1.1119249256122696,1.2328999974078458,-0.9572110526058524,60,2.4,1.361732587316808,1.9253931749315902,False,catch,39.0,0.0005754177157246687,0.00019180590524214836,0.00019180590524214836,0.0005754177157246687,0.00029659014262470307,0.00019180590524214836
0.12356871902011335,0.11993954179342836,9.187363163634977,1.2392579537651631,-1.3510185397116103,1.1119249256122696,1.231035940416664,-0.8360550020585131,60,2.4,1.380956586950803,2.123548276408288,False,catch,39.0,0.0005754177157246687,0.00019180590524214836,0.00019180590524214836,0.0005754177157246687,0.00029659014262470307,0.00019180590524214836
0.12566002702806145,0.11993954179342836,9.187363163634977,1.2392579537651631,-1.3510185397116103,1.1119249256122696,1.2294161374641135,-0.7128748652268135,60,2.4,1.3960208920705508,2.337056732771085,False,catch,39.0,0.0005754177157246687,0.00019180590524214836,0.00019180590524214836,0.0005754177157246687,0.00029659014262470307,0.00019180590524214836
0.12783463497180492,0.1274894581292756,9.648929255587923,1.2312021057450213,-0.9270313572899909,1.2747081712062265,1.2280057521199805,-0.5842421094208905,60,2.4,1.4070699116973278,2.037982889080722,False,catch,39.0,0.0005754177157246687,0.00019180590524214836,0.00019180590524214836,0.0005754177157246687,0.00029659014262470307,0.00019180590524214836
0.12999073800165206,0.12870053545339033,9.692887931011965,1.2304348821240563,-0.8092011902037086,1.368703746089876,1.226883376549367,-0.4569907750020172,60,2.4,1.4133124335404301,2.045527095543131,False,catch,39.0,0.0005754177157246687,0.00019180590524214836,0.00019180590524214836,0.0005754177157246687,0.00029659014262470307,0.00019180590524214836
0.13213649101089686,0.13079098227899522,9.78080528186015,1.2289004348821244,-0.6893568322270482,1.3422140840772112,1.2260377313537953,-0.3314678378173949,60,2.4,1.4147996619287966,2.1019710368122206,False,catch,39.0,0.0005754177157246687,0.00019180590524214836,0.00019180590524214836,0.0005754177157246687,0.00029659014262470307,0.00019180590524214836
0.1342822929727845,0.1329886875464581,9.846743294996314,1.227749599450675,-0.5997253376058609,1.396047913328756,1.2254594803071104,-0.2078852663972138,60,2.4,1.4115065379879934,2.2145155602748647,False,catch,39.0,0.0005754177157246687,0.00019180590524214836,0.00019180590524214836,0.0005754177157246687,0.00029659014262470307,0.00019180590524214836
0.13648956501856446,0.13504867383744568,9.912681308132479,1.2265987640192257,-0.4798809796292005,1.416556038757916,1.2251383411404544,-0.08366115026130092,60,2.4,1.4030615684222911,2.266363786178969,False,catch,39.0,0.0005754177157246687,0.00019180590524214836,0.00019180590524214836,0.0005754177157246687,0.00029659014262470307,0.00019180590524214836
0.13862512802006677,0.13729347876505926,9.95663998355652,1.2258315403982607,-0.3660791943236461,1.3631494621194786,1.225084827690048,0.032834056162209066,60,2.4,1.3878187811654015,2.3004078198386853,False,withdrawal,39.0,0.0005754177157246687,0.00019180590524214836,0.00019180590524214836,0.0005754177157246687,0.00029659014262470307,0.00019180590524214836
0.14073999202810228,0.13942991947988048,9.97861932126854,1.2254479285877782,-0.27141222247654184,1.412283512626841,1.2252718402173723,0.14311880172816624,60,2.4,1.3659156844420748,2.350224840309024,False,withdrawal,39.0,0.0005754177157246687,0.00019180590524214836,0.00019180590524214836,0.0005754177157246687,0.00029659014262470307,0.00019180590524214836
0.14296759298304096,0.14149630721658468,9.97861932126854,1.2254479285877782,-0.05287251087204936,1.3191424429694063,1.2257146800699321,0.25349732230499006,60,2.4,1.3431546608398754,2.0944473493940063,False,withdrawal,39.0,0.0009590295262071891,0.00019180590524214836,0.00019180590524214836,-0.0005754177157246687,0.00029659014262470307,-0.00019180590524214836
0.1450431999983266,0.143791162467096,9.97861932126854,1.2254479285877782,0.07603570611124155,1.3336690318150612,1.2263430232303785,0.3511293125546984,60,2.4,1.3222356678033922,2.036166001823706,False,withdrawal,39.0,0.0009590295262071891,0.00019180590524214836,0.00019180590524214836,-0.0005754177157246687,0.00029659014262470307,-0.00019180590524214836
0.14712637098273262,0.14584350207587704,9.95663998355652,1.2258315403982607,0.19588006408788772,1.2738536659800115,1.2271722538810022,0.44417951794725247,60,2.4,1.3015236280521711,1.9778851262791335,False,withdrawal,39.0,0.0009590295262071891,0.00019180590524214836,0.00019180590524214836,-0.0005754177157246687,0.00029659014262470307,-0.00019180590524214836
0.1492097830050625,0.14784404524834827,9.934660645844499,1.2262151522087432,0.20192263675897948,1.2499275196459916,1.228190401913234,0.5324103246281285,60,2.4,1.281095660466414,2.192781093621814,False,withdrawal,39.0,0.0009590295262071891,0.00019180590524214836,0.00019180590524214836,-0.0005754177157246687,0.00029659014262470307,-0.00019180590524214836
0.1512941779801622,0.1499416406149976,9.890701970420356,1.22698237582971,0.317738612954912,1.2524910353246366,1.229388045624185,0.6159652425851243,60,2.4,1.2609473739681807,2.1210314727491895,False,withdrawal,39.0,0.0009590295262071891,0.00019180590524214836,0.00019180590524214836,-0.0005754177157246687,0.00029659014262470307,-0.00019180590524214836
0.1533802049816586,0.1520419816370122,9.846743294996314,1.227749599450675,0.3076676585030924,1.258899824521249,1.2307561673965515,0.6949768132930724,60,2.4,1.2410755819934773,2.3510116302420125,False,withdrawal,39.0,0.0009590295262071891,0.00019180590524214836,0.00019180590524214836,-0.0005754177157246687,0.00029659014262470307,-0.00019180590524214836
0.15546273498330265,0.15410022885771468,9.824763957284294,1.2281332112611576,0.38722819867246017,1.294789044022279,1.232281709320062,0.7693709276504145,60,2.4,1.2215311970259366,2.3875836301072892,False,withdrawal,39.0,0.0009590295262071891,0.00019180590524214836,0.00019180590524214836,-0.0005754177157246687,0.00029659014262470307,-0.00019180590524214836
0.15754455397836864,0.15623429720290005,9.758825944148128,1.229284046692607,0.4597390707255613,1.283680476081484,1.2339570141523724,0.8393733231937476,60,2.4,1.2022895292705873,2.3937897827801593,False,withdrawal,39.0,0.0009590295262071891,0.00019180590524214836,0.00019180590524214836,-0.0005754177157246687,0.00029659014262470307,-0.00019180590524214836
0.15962769597535953,0.15829486085567623,9.692887931011965,1.2304348821240563,0.5352712291142154,1.2806897077897315,1.2357748013496852,0.905161973286654,60,2.4,1.1833341652767055,2.391467104828294,False,withdrawal,39.0,0.0009590295262071891,0.00019180590524214836,0.00019180590524214836,-0.0005754177157246687,0.00029659014262470307,-0.00019180590524214836
0.16171925398521125,0.16034689638763666,9.626949917875903,1.2315857175555038,0.6118104829480444,1.252063782711529,1.2377334325286493,0.9670421920675185,60,2.4,1.1646048394847832,2.38602383976025,False,withdrawal,39.0,0.0009590295262071891,0.00019180590524214836,0.00019180590524214836,-0.0005754177157246687,0.00029659014262470307,-0.00019180590524214836
0.1639394200174138,0.1624630702426657,9.539032567027718,1.2331201647974357,0.6128175783932264,1.254627298390174,1.2399492362865725,1.0282743383766588,60,2.4,1.1450579710805107,2.551898484388957,False,withdrawal,39.0,0.0009590295262071891,0.00019180590524214836,0.00019180590524214836,-0.0005754177157246687,0.00029659014262470307,-0.00019180590524214836
0.16602462599985301,0.16469046531710774,9.451115216179533,1.2346546120393675,0.6964065003433291,1.2059205004959193,1.242149799251356,1.0817225267314374,60,2.4,1.1270147499606447,2.501484446011408,False,withdrawal,39.0,0.0009590295262071891,0.00019180590524214836,0.00019180590524214836,-0.0005754177157246687,0.00029659014262470307,-0.00019180590524214836
0.16813165397616103,0.16678572818636894,9.363197865331347,1.2361890592812994,0.7628747997253384,1.1315785458152146,1.2444824999667643,1.1318452569808553,60,2.4,1.1090950210236183,2.492230559564752,False,withdrawal,39.0,0.0009590295262071891,0.00019180590524214836,0.00019180590524214836,-0.0005754177157246687,0.00029659014262470307,-0.00019180590524214836
0.1702465169946663,0.16890013800002635,9.253301176771142,1.2381071183337138,0.8454566262302592,1.0901350423437854,1.246926024084388,1.178337277148763,60,2.4,1.091426208375455,2.419474115620318,False,withdrawal,39.0,0.0009590295262071891,0.00019180590524214836,0.00019180590524214836,-0.0005754177157246687,0.00029659014262470307,-0.00019180590524214836
0.17235703201731667,0.17099232150940225,9.165383825922957,1.2396415655756456,0.9099107347219046,1.0401464866102081,1.249458615776887,1.221030147599037,60,2.4,1.0741126444709344,2.409822247450533,False,withdrawal,39.0,0.0009590295262071891,0.00019180590524214836,0.00019180590524214836,-0.0005754177157246687,0.00029659014262470307,-0.00019180590524214836
0.1744982660165988,0.17309173877583817,9.033507799650629,1.2419432364385443,0.9814145113298238,0.9974212252994583,1.2521162201934037,1.2606739397380224,60,2.4,1.0568743712635267,2.3374760247347686,False,withdrawal,39.0,0.0009590295262071891,0.00019180590524214836,0.00019180590524214836,-0.0005754177157246687,0.00029659014262470307,-0.00019180590524214836
0.17661714600399137,0.1752946994965896,8.901631773378401,1.2442449073014412,0.9894712748912795,0.9974212252994583,1.254825868569685,1.2963728727415802,60,2.4,1.0401421706207876,2.4115636815561317,False,withdrawal,39.0,0.0009590295262071891,0.00019180590524214836,0.00019180590524214836,-0.0005754177157246687,0.00029659014262470307,-0.00019180590524214836
0.17871790198842064,0.17734439444029704,8.769755747106073,1.24654657816434,1.1334859235522998,0.9209430075532161,1.2575834534229837,1.328403919793143,60,2.4,1.0238748038165486,2.153890510313202,False,withdrawal,39.0,0.0009590295262071891,0.00019180590524214836,0.00019180590524214836,-0.0005754177157246687,0.00029659014262470307,-0.00019180590524214836
0.18084867601282895,0.17949501500697806,8.637879720833846,1.2488482490272368,1.2170748455024025,0.8854810406652938,1.2604456469491807,1.3575778378370646,60,2.4,1.0077036098701218,2.0407546667899457,False,withdrawal,39.0,0.0009590295262071891,0.00019180590524214836,0.00019180590524214836,-0.0005754177157246687,0.00029659014262470307,-0.00019180590524214836
0.18294899101601914,0.1816538109560497,8.462045019137477,1.2519171435111005,1.2996566720073233,0.941451132982376,1.2633244048623309,1.3831699488697522,60,2.4,0.9920887366673772,1.8769562822110295,False,withdrawal,39.0,0.0009590295262071891,0.00019180590524214836,0.00019180590524214836,-0.0005754177157246687,0.00029659014262470307,-0.00019180590524214836
0.18521380401216447,0.18369185575284064,8.308189655153127,1.2546024261844817,1.2865644312199578,1.0081025406271458,1.2664850761018869,1.4073610759618367,60,2.4,0.9756139613080663,1.9784849037328864,False,withdrawal,39.0,0.0009590295262071891,0.00019180590524214836,0.00019180590524214836,-0.0005754177157246687,0.00029659014262470307,-0.00019180590524214836
0.1872976670274511,0.18369185575284064,8.308189655153127,1.2546024261844817,1.2865644312199578,1.0081025406271458,1.2694383646180158,1.4266016437448656,60,2.4,0.9607893673189478,2.187034983390775,False,withdrawal,39.0,0.0009590295262071891,0.00019180590524214836,0.00019180590524214836,-0.0005754177157246687,0.00029659014262470307,-0.00019180590524214836
0.189379777002614,0.18369185575284064,8.308189655153127,1.2546024261844817,1.2865644312199578,1.0081025406271458,1.2724262902520265,1.4430352337187076,60,2.4,0.9462978189812308,2.3912595890309163,False,withdrawal,39.0,0.0009590295262071891,0.00019180590524214836,0.00019180590524214836,-0.0005754177157246687,0.00029659014262470307,-0.00019180590524214836
0.19146124500548467,0.1912384256720543,7.714747536927955,1.2649599450675204,1.4043945983062471,1.2772716868848715,1.275444674530221,1.456769146181297,60,2.4,1.019644200222817,1.774426882884974,True,withdrawal,39.0,0.0009590295262071891,0.00019180590524214836,0.00019180590524214836,-0.0005754177157246687,0.00029659014262470307,-0.00019180590524214836
0.19354318402474746,0.19223942107055336,7.62683018607977,1.2664943923094523,1.5010757610437153,1.3387960631723512,1.278489613308777,1.4679036070616203,60,2.4,0.918284655796946,1.558384746199407,False,withdrawal,39.0,0.0009590295262071891,0.00019180590524214836,0.00019180590524214836,-0.0005754177157246687,0.00029659014262470307,-0.00019180590524214836
0.1956258150166832,0.19429452484473586,7.4509954843834,1.269563286793316,1.5030899519340792,1.3533226520180062,1.2815561249703404,1.4765290759433691,60,2.4,0.9047556306621258,1.5605798189058886,False,withdrawal,39.0,0.0009590295262071891,0.00019180590524214836,0.00019180590524214836,-0.0005754177157246687,0.00029659014262470307,-0.00019180590524214836
0.1977214309736155,0.19634070375468582,7.253181444975009,1.2730157930876622,1.6581826504921047,1.3443503471427487,1.2846573152712293,1.4827630304086623,60,2.4,0.8914686949431379,1.1689529377569001,False,withdrawal,39.0,0.0009590295262071891,0.00019180590524214836,0.00019180590524214836,-0.0005754177157246687,0.00029659014262470307,-0.00019180590524214836
0.1998213049955666,0.19845905323745683,7.077346743278639,1.276084687571526,1.5534447241931808,1.2610360875867865,1.2877754088300055,1.486640289657424,60,2.4,0.8784836965471285,1.4195963291700875,False,withdrawal,39.0,0.0009590295262071891,0.00019180590524214836,0.00019180590524214836,-0.0005754177157246687,0.00029659014262470307,-0.00019180590524214836
0.2019120409968309,0.20054850092856213,6.8795327038702485,1.2795371938658722,1.572579537651638,1.1614862287327394,1.2908856333996206,1.488233815427342,60,2.4,0.8658827114566012,1.344359350143196,False,withdrawal,39.0,0.0009590295262071891,0.00019180590524214836,0.00019180590524214836,-0.0005754177157246687,0.00029659014262470307,-0.00019180590524214836
0.2039961140253581,0.20269327441928908,6.681718664461756,1.2829897001602202,1.6400549324788294,0.9623865110246435,1.2939869896514333,1.4876586379500922,60,2.4,0.8536474032013848,1.1477336658052044,False,withdrawal,39.0,0.0009590295262071891,0.00019180590524214836,0.00019180590524214836,-0.0005754177157246687,0.00029659014262470307,-0.00019180590524214836
0.20619409799110144,0.20480108045740053,6.4839046250533645,1.2864422064545664,1.648111696040285,0.8235294117647065,1.297254118277131,1.4848063408290135,60,2.4,0.8410956807481833,1.097877537595013,False,withdrawal,39.0,-0.0017262531471740061,0.00019180590524214836,0.00019180590524214836,-0.0013426413366897094,0.00029659014262470307,0.00019180590524214836
0.20829834102187306,0.20696083141956478,6.286090585644974,1.2898947127489127,1.625955596246282,0.7009079118028545,1.3003738081748148,1.4800058005767696,60,2.4,0.8294182780561556,1.1078844940034578,False,withdrawal,39.0,-0.0017262531471740061,0.00019180590524214836,0.00019180590524214836,-0.0013426413366897094,0.00029659014262470307,0.00019180590524214836
0.21040924597764388,0.2090499565238133,6.088276546236583,1.2933472190432589,1.650125886930649,0.6099031052109556,1.303491157770257,1.4732433764535413,60,2.4,0.8180371039370287,1.002155402411859,False,withdrawal,39.0,-0.0017262531471740061,0.00019180590524214836,0.00019180590524214836,-0.0013426413366897094,0.00029659014262470307,0.00019180590524214836
0.21251060301437974,0.21123990864725783,5.890462506828192,1.2967997253376051,1.677317463950562,0.6210116731517505,1.3065782656456624,1.4646597241394401,60,2.4,0.8070387776118991,0.8833726205486417,False,withdrawal,39.0,-0.0017262531471740061,0.00019180590524214836,0.00019180590524214836,-0.0013426413366897094,0.00029659014262470307,0.00019180590524214836
0.21461173897841945,0.21325086132856086,5.670669129707679,1.3006358434424357,1.7085374227512027,0.711589227130542,1.3096451465078114,1.4543129374066421,60,2.4,0.7963719830655149,0.7267914021611133,False,withdrawal,39.0,-0.0017262531471740061,0.00019180590524214836,0.00019180590524214836,-0.0013426413366897094,0.00029659014262470307,0.00019180590524214836
0.21672741399379447,0.21533896343316883,5.472855090299288,1.304088349736782,1.7417715724422074,0.8457465476462964,1.3127094748735648,1.4421952569520982,60,2.4,0.7859648819144552,0.5842492329451686,False,withdrawal,39.0,-0.0017262531471740061,0.00019180590524214836,0.00019180590524214836,-0.0013426413366897094,0.00029659014262470307,0.00019180590524214836
0.2188162059755996,0.21745356026804075,5.253061713178877,1.3079244678416106,1.723643854428932,0.944014648661021,1.3157080312911378,1.4286391047163658,60,2.4,0.776017940615649,0.5350203482771178,False,withdrawal,39.0,-0.0017262531471740061,0.00019180590524214836,0.00019180590524214836,-0.0013426413366897094,0.00029659014262470307,0.00019180590524214836
0.22091720200842246,0.21954833826748654,5.055247673770485,1.3113769741359569,1.6883955138475635,1.0029755092698558,1.3186939385251684,1.4134869290548961,60,2.4,0.7663410908785814,0.5455783507288684,False,withdrawal,39.0,-0.0017262531471740061,0.00019180590524214836,0.00019180590524214836,-0.0013426413366897094,0.00029659014262470307,0.00019180590524214836
0.22300339001230896,0.22169653425225988,4.857433634362095,1.3148294804303031,1.6571755550469227,1.0371557183184557,1.3216257954511608,1.3970135381310613,60,2.4,0.7570575708282687,0.5404476314816602,False,withdrawal,39.0,-0.0017262531471740061,0.00019180590524214836,0.00019180590524214836,-0.0013426413366897094,0.00029659014262470307,0.00019180590524214836
0.2250605209846981,0.22378599079092965,4.681598932665724,1.3178983749141668,1.597756923781187,1.064072632944228,1.3244817884612892,1.379450020658676,60,2.4,0.7482199533642889,0.6192881986976021,False,withdrawal,39.0,-0.0017262531471740061,0.00019180590524214836,0.00019180590524214836,-0.0013426413366897094,0.00029659014262470307,0.00019180590524214836
0.22726284299278632,0.22583744657458737,4.483784893257232,1.3213508812085148,1.621927214465554,0.9743495841916534,1.3274978191679003,1.359275824723516,60,2.4,0.7391062079665762,0.47755915014881345,False,withdrawal,39.0,-0.0017262531471740061,0.00019180590524214836,0.00019180590524214836,-0.0013426413366897094,0.00029659014262470307,0.00019180590524214836
0.2293445820105262,0.2279917747946456,4.285970853848841,1.324803387502861,1.598764019226369,0.7949034866865041,1.3303065505122837,1.3389787135591007,60,2.4,0.7308210791541646,0.4375261261180804,False,withdrawal,39.0,-0.0017262531471740061,0.00019180590524214836,0.00019180590524214836,-0.0013426413366897094,0.00029659014262470307,0.00019180590524214836
0.2314261409919709,0.23003909934777766,4.088156814440451,1.3282558937972073,1.6410620279240113,0.6607461661707497,1.3330716132464118,1.3175634715754516,60,2.4,0.7228560129016299,0.2354026446173535,False,withdrawal,39.0,-0.0017262531471740061,0.00019180590524214836,0.00019180590524214836,-0.0013426413366897094,0.00029659014262470307,0.00019180590524214836
0.23352119501214474,0.2321877569775097,3.9123221127440804,1.331324788281071,1.5665369649805463,0.5479514763103683,1.3358084709126776,1.2949498349037032,60,2.4,0.7151607147976127,0.33237256050958464,False,withdrawal,39.0,-0.0017262531471740061,0.00019180590524214836,0.00019180590524214836,-0.0013426413366897094,0.00029659014262470307,0.00019180590524214836
0.23561191197950393,0.23425187467364594,3.7364874110477104,1.3343936827649348,1.4638132295719828,0.4851453421835661,1.33849138582591,1.2713934621887861,60,2.4,0.7078016587409881,0.4918564006798301,False,withdrawal,39.0,-0.0017262531471740061,0.00019180590524214836,0.00019180590524214836,-0.0013426413366897094,0.00029659014262470307,0.00019180590524214836
0.23769577499479055,0.23634296847740188,3.5386733716393195,1.337846189059281,1.550423437857635,0.4287479972533763,1.3411155312836993,1.246999219786124,60,2.4,0.7007839157619344,0.1687263258554076,False,withdrawal,39.0,-0.0017262531471740061,0.00019180590524214836,0.00019180590524214836,-0.0013426413366897094,0.00029659014262470307,0.00019180590524214836
0.2397897170158103,0.23844163288595155,3.38481800765497,1.3405314717326622,1.3671320668345146,0.46933699549858865,1.34370026251,1.22163453174732,60,2.4,0.6940498778873844,0.5349832403183911,False,withdrawal,39.0,-0.0017262531471740061,0.00019180590524214836,0.00019180590524214836,-0.0013426413366897094,0.00029659014262470307,0.00019180590524214836
0.24189164501149207,0.24054782802704722,3.208983305958702,1.3436003662165241,1.4406500343327977,0.4830090791180286,1.3462405919430809,1.1953809568464269,60,2.4,0.6876089666262507,0.257376724252366,False,withdrawal,39.0,-0.0017262531471740061,0.00019180590524214836,0.00019180590524214836,-0.0013426413366897094,0.00029659014262470307,0.00019180590524214836
0.24402402201667428,0.24264327983837575,3.033148604262332,1.3466692607003878,1.3792172121766981,0.5573510337987333,1.348760532977976,1.1680042399642891,60,2.4,0.6813995684979378,0.29996477184344206,False,withdrawal,39.0,-0.0017262531471740061,0.00019180590524214836,0.00019180590524214836,-0.0013426413366897094,0.00029659014262470307,0.00019180590524214836
0.24613378499634564,0.244845281355083,2.879293240277983,1.349354543373769,1.3278553444724182,0.6517738612954904,1.3511955769511148,1.1402480498183452,60,2.4,0.6755763282717839,0.3357808357427552,False,withdrawal,39.0,-0.0017262531471740061,0.00019180590524214836,0.00019180590524214836,-0.0013426413366897094,0.00029659014262470307,0.00019180590524214836
0.24843134201364592,0.24688543559750542,2.7254378762936335,1.3520398260471502,1.4195010299839765,0.711589227130542,1.353779983389476,1.1093394969728485,60,2.4,0.6695950960843887,0.02961685739722275,False,withdrawal,39.0,-0.0017262531471740061,0.00019180590524214836,0.00019180590524214836,-0.0013426413366897094,0.00029659014262470307,0.00019180590524214836
0.2505455840146169,0.24688543559750542,2.7254378762936335,1.3520398260471502,1.4195010299839765,0.711589227130542,1.3560948256427054,1.0803376212815765,60,2.4,0.6644210249808589,0.09372881982841197,False,withdrawal,39.0,-0.0017262531471740061,0.00019180590524214836,0.00019180590524214836,-0.0013426413366897094,0.00029659014262470307,0.00019180590524214836
0.25264957500621676,0.24688543559750542,2.7254378762936335,1.3520398260471502,1.4195010299839765,0.711589227130542,1.3583370681707951,1.0510079722110686,60,2.4,0.6595839734653088,0.15303516222902425,False,withdrawal,39.0,-0.0017262531471740061,0.00019180590524214836,0.00019180590524214836,-0.0013426413366897094,0.00029659014262470307,0.00019180590524214836
0.25473320798482746,0.2545490154880099,2.1759544334925027,1.361630121309224,1.052918287937743,0.8410467689021139,1.3604963690817349,1.0215611637372226,60,2.4,0.6550984004138034,0.5118161686832134,False,withdrawal,39.0,-0.0017262531471740061,0.00019180590524214836,0.00019180590524214836,-0.0013426413366897094,0.00029659014262470307,0.00019180590524214836
0.2568253770004958,0.25548255984904245,2.11001642035644,1.3627809567406715,1.2190890363927664,0.9183794918745711,1.3626024135648125,0.9916504928600031,60,2.4,0.6508974241412502,0.09433232911107992,False,withdrawal,39.0,-0.0017262531471740061,0.00019180590524214836,0.00019180590524214836,-0.0013426413366897094,0.00029659014262470307,0.00019180590524214836
0.25891721597872674,0.25753621954936534,1.9781403940841118,1.3650826276035701,1.0458686198214693,0.8876173037308313,1.364645252605354,0.9614577375782152,60,2.4,0.6469984498149979,0.4181698325382246,False,withdrawal,39.0,-0.0017262531471740061,0.00019180590524214836,0.00019180590524214836,-0.0013426413366897094,0.00029659014262470307,0.00019180590524214836
0.2610067190253176,0.2597432804177515,1.8462643678118853,1.367384298466467,1.0227054245822842,0.815411612115664,1.3666225073021705,0.9310682230663784,60,2.4,0.6434023671843957,0.37776561368842965,False,withdrawal,39.0,-0.0017262531471740061,0.00019180590524214836,0.00019180590524214836,-0.0013426413366897094,0.00029659014262470307,0.00019180590524214836
0.2631018440006301,0.26180150924483314,1.7363676792515776,1.3693023575188832,0.9532158388647289,0.7000534065766395,1.3685411323320276,0.9004205328107947,60,2.4,0.6400938087756844,0.4677115630349052,False,withdrawal,39.0,-0.0017262531471740061,0.00019180590524214836,0.00019180590524214836,-0.0013426413366897094,0.00029659014262470307,0.00019180590524214836
0.2651844550273381,0.26384608558146283,1.626470990691372,1.3712204165712976,0.9240100709544521,0.6398107881284805,1.3703845247124593,0.8698340299908726,60,2.4,0.6370975016121098,0.4569214917692236,False,withdrawal,39.0,-0.0017262531471740061,0.00019180590524214836,0.00019180590524214836,-0.0013426413366897094,0.00029659014262470307,0.00019180590524214836
0.26727741601644084,0.26595297444146127,1.516574302131166,1.373138475623712,0.8706340123598082,0.5569237811856258,1.3721728205405948,0.839025404567551,60,2.4,0.6343775400783254,0.5005775763898768,False,withdrawal,39.0,-0.0017262531471740061,0.00019180590524214836,0.00019180590524214836,-0.0013426413366897094,0.00029659014262470307,0.00019180590524214836
0.26954017498064786,0.2679936789209023,1.4066776135708583,1.375056534676128,0.8817120622568098,0.49454489967193105,1.3740336243825646,0.8056974223063939,60,2.4,0.6317622924066256,0.3879525389118178,False,withdrawal,39.0,0.00019180590524214836,0.00019180590524214836,0.00019180590524214836,0.0009590295262071891,0.00029659014262470307,0.00019180590524214836
0.27163645200198516,0.2702997913584113,1.2748015872986318,1.377358205539025,0.951201647974365,0.42191195544365634,1.3756902536130822,0.7748567586827598,60,2.4,0.6296381755203911,0.10633332566396925,False,withdrawal,39.0,0.00019180590524214836,0.00019180590524214836,0.00019180590524214836,0.0009590295262071891,0.00029659014262470307,0.00019180590524214836
0.2738252879935317,0.27234363154275343,1.1868842364504468,1.3788926527809569,0.926024261844816,0.39755855649652894,1.3773511225847626,0.7427450687460834,60,2.4,0.6277236986156796,0.09536182340706345,False,withdrawal,39.0,0.00019180590524214836,0.00019180590524214836,0.00019180590524214836,0.0009590295262071891,0.00029659014262470307,0.00019180590524214836
0.2759903079713695,0.2746915133902803,1.0769875478901392,1.380810711833373,0.799130235751889,0.34927901121538163,1.378924922663963,0.7111265962285243,60,2.4,0.626131730896386,0.30177564587571315,False,withdrawal,39.0,0.00019180590524214836,0.00019180590524214836,0.00019180590524214836,0.0009590295262071891,0.00029659014262470307,0.00019180590524214836
0.27806532400427386,0.2768074203049764,0.9670908593299333,1.3827287708857874,0.8031586175326169,0.32236209658960924,1.3803692351298773,0.6810045520781696,60,2.4,0.6248843882064862,0.19014248576120785,False,withdrawal,39.0,0.00019180590524214836,0.00019180590524214836,0.00019180590524214836,0.0009590295262071891,0.00029659014262470307,0.00019180590524214836
0.2802070489851758,0.2788468165672384,0.8791735084817484,1.3842632181277192,0.7769741359578859,0.32108033875028674,1.381794670188927,0.6501483237417961,60,2.4,0.6238794666877338,0.17138464104158302,False,withdrawal,39.0,0.00019180590524214836,0.00019180590524214836,0.00019180590524214836,0.0009590295262071891,0.00029659014262470307,0.00019180590524214836
0.282306723005604,0.28095041582128033,0.7912561576335633,1.385797665369651,0.7256122682536059,0.3257801174944692,1.3831282497966262,0.6201739057857554,60,2.4,0.6231695563589341,0.20995255205459812,False,withdrawal,39.0,0.00019180590524214836,0.00019180590524214836,0.00019180590524214836,0.0009590295262071891,0.00029659014262470307,0.00019180590524214836
0.2843950840178877,0.2830500539857894,0.7033388067853783,1.387332112611583,0.7679102769512482,0.3522697795071341,1.384392536598905,0.5906751503054841,60,2.4,0.6227304667639086,0.020991602053393343,False,withdrawal,39.0,0.00019180590524214836,0.00019180590524214836,0.00019180590524214836,0.0009590295262071891,0.00029659014262470307,0.00019180590524214836
0.28648997901473194,0.285190767084714,0.6154214559371933,1.3888665598535148,0.7185626001373322,0.3599603265430691,1.3855992514426834,0.5614405889211403,60,2.4,0.6225540954004992,0.049422763831751815,False,withdrawal,39.0,0.00019180590524214836,0.00019180590524214836,0.00019180590524214836,0.0009590295262071891,0.00029659014262470307,0.00019180590524214836
0.28857490402879193,0.2872417563921772,0.5494834428011309,1.3900173952849624,0.6118104829480444,0.4800183108262761,1.3867398217038678,0.5327398645240943,60,2.4,0.6226376827557037,0.23621378367254775,False,withdrawal,39.0,0.00019180590524214836,0.00019180590524214836,0.00019180590524214836,0.0009590295262071891,0.00029659014262470307,0.00019180590524214836
0.29077525198226795,0.2893002418568358,0.48354542966496666,1.3911682307164117,0.5413138017853072,0.511635004196231,1.387879135578108,0.5029202844890373,60,2.4,0.6230023022231438,0.33351215241386933,False,withdrawal,39.0,0.00019180590524214836,0.00019180590524214836,0.00019180590524214836,0.0009590295262071891,0.00029659014262470307,0.00019180590524214836
0.29286091797985137,0.29149961459916085,0.41760741652880246,1.392319066147861,0.5674982833600382,0.6017853055619131,1.3888990036962676,0.4751399597899522,60,2.4,0.6236061148845793,0.1967423912207672,False,withdrawal,39.0,0.00019180590524214836,0.00019180590524214836,0.00019180590524214836,0.0009590295262071891,0.00029659014262470307,0.00019180590524214836
0.29494231700664386,0.2936938627390191,0.35166940339274005,1.3934699015793086,0.5070725566491205,0.6701457236591146,1.389859545020032,0.4479241596903221,60,2.4,0.6244553842692961,0.26587783801158027,False,withdrawal,39.0,0.00019180590524214836,0.00019180590524214836,0.00019180590524214836,0.0009590295262071891,0.00029659014262470307,0.00019180590524214836
0.2970306489733048,0.2957370615331456,0.28573139025657585,1.394620737010758,0.48390936140992835,0.7051804379339295,1.3907669180085969,0.42116278180028477,60,2.4,0.6255512867479756,0.24373035555516587,False,withdrawal,39.0,0.00019180590524214836,0.00019180590524214836,0.00019180590524214836,0.0009590295262071891,0.00029659014262470307,0.00019180590524214836
0.29911206697579473,0.29780076729366556,0.24177271483243246,1.3953879606317248,0.5060654612039315,0.7235523002975519,1.3916162731860573,0.39506734660313125,60,2.4,0.6268826140281145,0.13418589224614574,False,withdrawal,39.0,0.00019180590524214836,0.00019180590524214836,0.00019180590524214836,0.0009590295262071891,0.00029659014262470307,0.00019180590524214836
0.30121520697139204,0.29984221141785383,0.19781403940839082,1.3961551842526898,0.37010757610437395,0.7389333943694218,1.3924199664919013,0.3693185001582139,60,2.4,0.6284661320446656,0.4024592841265682,False,withdrawal,39.0,0.00019180590524214836,0.00019180590524214836,0.00019180590524214836,0.0009590295262071891,0.00029659014262470307,0.00019180590524214836
0.3033119650208391,0.30199807515600696,0.15385536398424743,1.3969224078736566,0.34996566720073474,0.7359426260776694,1.3931679921340903,0.34429946214752954,60,2.4,0.630279077698315,0.39141524119664084,False,withdrawal,39.0,0.00019180590524214836,0.00019180590524214836,0.00019180590524214836,0.0009590295262071891,0.00029659014262470307,0.00019180590524214836
0.3054005770245567,0.30405273963697255,0.10989668856020582,1.3976896314946217,0.33989471274891514,0.7380788891432069,1.393861661636309,0.32005550782245973,60,2.4,0.6323132156204627,0.3550209322982153,False,withdrawal,39.0,0.00019180590524214836,0.00019180590524214836,0.00019180590524214836,0.0009590295262071891,0.00029659014262470307,0.00019180590524214836
0.30748442001640797,0.30619695130735636,0.08791735084818501,1.3980732433051042,0.290547035934992,0.7607232776379043,1.3945040131788375,0.29657071552124686,60,2.4,0.6345653832676448,0.43486840669865806,False,withdrawal,39.0,0.00019180590524214836,0.00019180590524214836,0.00019180590524214836,0.0009590295262071891,0.00029659014262470307,0.00019180590524214836
0.30957756098359823,0.3082486161147244,0.06593801313606243,1.3984568551155885,0.2593270771343583,0.7957579919127191,1.3951007287303607,0.27371737825424114,60,2.4,0.6370470576795787,0.4702161972536324,False,withdrawal,39.0,0.00019180590524214836,0.00019180590524214836,0.00019180590524214836,0.0009590295262071891,0.00029659014262470307,0.00019180590524214836
0.31196597300004214,0.3103079973370768,0.04395867542404162,1.398840466926071,0.13746852826733402,0.7966124971389341,1.3957242530785727,0.24857661226386873,60,2.4,0.6401416499988815,0.7198282207406683,False,withdrawal,39.0,0.00019180590524214836,0.00019180590524214836,0.00019180590524214836,0.0009590295262071891,0.00029659014262470307,0.00019180590524214836
0.3142542620189488,0.3103079973370768,0.04395867542404162,1.398840466926071,0.13746852826733402,0.7966124971389341,1.3962664355866476,0.22546045043404617,60,2.4,0.6433631520934914,0.7001018849281994,False,withdrawal,39.0,0.00019180590524214836,0.00019180590524214836,0.00019180590524214836,0.0009590295262071891,0.00029659014262470307,0.00019180590524214836
0.3164002950070426,0.3103079973370768,0.04395867542404162,1.398840466926071,0.13746852826733402,0.7966124971389341,1.3967278199496624,0.20467394005110176,60,2.4,0.6466069618166173,0.6811411315131461,False,withdrawal,39.0,0.00019180590524214836,0.00019180590524214836,0.00019180590524214836,0.0009590295262071891,0.00029659014262470307,0.00019180590524214836
0.31849095202051103,0.3180366238229908,0.0,1.399607690547036,0.08409246967269723,0.8709544518196388,1.3971353002187517,0.18527947314609333,60,2.4,0.649969123395016,0.7444745120341032,False,withdrawal,39.0,0.00019180590524214836,0.00019180590524214836,0.00019180590524214836,0.0009590295262071891,0.00029659014262470307,0.00019180590524214836
0.3205838719732128,0.3192426325986162,0.0,1.399607690547036,0.0569008926527772,0.8692454413672088,1.3975035132107914,0.16673249611112262,60,2.4,0.6535296575679341,0.790874865693282,False,withdrawal,39.0,0.00019180590524214836,0.00019180590524214836,0.00019180590524214836,0.0009590295262071891,0.00029659014262470307,0.00019180590524214836
0.32267859601415694,0.3213422913104296,0.0,1.399607690547036,0.024673838406954474,0.9128252079041737,1.3978341057621537,0.14906090138134165,60,2.4,0.657283283720804,0.849397147766394,False,withdrawal,39.0,0.00019180590524214836,0.00019180590524214836,0.00019180590524214836,0.0009590295262071891,0.00029659014262470307,0.00019180590524214836
0.3247666470124386,0.3234082854469307,0.0,1.399607690547036,0.02970931563287138,0.9217975127794311,1.398127749838715,0.1323531166719284,60,2.4,0.6612090116506179,0.8187576916450933,False,withdrawal,39.0,0.00019180590524214836,0.00019180590524214836,0.00019180590524214836,0.0009590295262071891,0.00029659014262470307,0.00019180590524214836
0.32684953801799566,0.32549873320385814,0.0,1.399607690547036,0.011581597619596096,0.9153887235828186,1.398386868027132,0.1166080455700158,60,2.4,0.6653029279246758,0.8441170518114451,False,withdrawal,39.0,0.00019180590524214836,0.00019180590524214836,0.00019180590524214836,0.0009590295262071891,0.00029659014262470307,0.00019180590524214836
0.3289313280256465,0.32758787786588073,0.0,1.399607690547036,-0.009567406729232175,0.9183794918745711,1.3986140525759383,0.10180833169641144,60,2.4,0.6695669417689825,0.8772504357246622,False,withdrawal,39.0,0.00019180590524214836,0.00019180590524214836,0.00019180590524214836,0.0009590295262071891,0.00029659014262470307,0.00019180590524214836
0.3310140080284327,0.32973897585179657,0.0,1.399607690547036,0.014602883955134871,0.9346150911726561,1.3988114948480226,0.08795599168031733,60,2.4,0.6739997479124066,0.802275464512037,False,withdrawal,39.0,0.00019180590524214836,0.00019180590524214836,0.00019180590524214836,0.0009590295262071891,0.00029659014262470307,0.00019180590524214836
0.3332728000241332,0.33180487295612693,0.0,1.399607690547036,-0.08711375600823601,0.9418783855954835,1.3989942228492596,0.07402819450019144,60,2.4,0.6789898410801631,1.0289224604338,False,withdrawal,39.0,0.0021098649576565265,0.00019180590524214836,0.00019180590524214836,0.0013426413366897094,0.00029659014262470307,0.00019180590524214836
0.33536142198136076,0.3339979335432872,0.0,1.399607690547036,-0.024673838406954474,0.9324788281071186,1.3991362925307487,0.06217943101353505,60,2.4,0.6837669543963886,0.8639309200283211,False,withdrawal,39.0,0.0021098649576565265,0.00019180590524214836,0.00019180590524214836,0.0013426413366897094,0.00029659014262470307,0.00019180590524214836
0.3374524089740589,0.3361000790609978,0.0,1.399607690547036,-0.0417944609750549,0.9311970702677961,1.3992547809932823,0.05132164259300773,60,2.4,0.6887004644165153,0.8910045397546389,False,withdrawal,39.0,0.0021098649576565265,0.00019180590524214836,0.00019180590524214836,0.0013426413366897094,0.00029659014262470307,0.00019180590524214836
0.33953755401307717,0.33824601309606805,0.0,1.399607690547036,-0.01057450217440703,0.9145342183566036,1.399351384552778,0.04150660620554661,60,2.4,0.6937648568776256,0.8033811573340364,False,withdrawal,39.0,0.0021098649576565265,0.00019180590524214836,0.00019180590524214836,0.0013426413366897094,0.00029659014262470307,0.00019180590524214836
0.34161868202500045,0.3402534305350855,0.02197933771202081,1.3992240787365535,-0.08409246967269723,0.9141069657434961,1.3994284541431439,0.03272899975252122,60,2.4,0.6989577038572374,0.9915917548731827,False,withdrawal,39.0,0.0021098649576565265,0.00019180590524214836,0.00019180590524214836,0.0013426413366897094,0.00029659014262470307,0.00019180590524214836
0.34370765497442335,0.3423479803605005,0.02197933771202081,1.3992240787365535,-0.009567406729232175,0.9021438925764862,1.3994885192001265,0.024950926694801045,60,2.4,0.7043030309980436,0.8030134590301028,False,withdrawal,39.0,0.0021098649576565265,0.00019180590524214836,0.00019180590524214836,0.0013426413366897094,0.00029659014262470307,0.00019180590524214836
0.3458312450093217,0.3444463660707697,0.02197933771202081,1.3992240787365535,-0.04280155642022976,0.9217975127794311,1.3995340526685531,0.018112804971775528,60,2.4,0.7098671722940012,0.8746600755547903,False,withdrawal,39.0,0.0021098649576565265,0.00019180590524214836,0.00019180590524214836,0.0013426413366897094,0.00029659014262470307,0.00019180590524214836
0.3479404770187102,0.3466462910291739,0.02197933771202081,1.3992240787365535,-0.022659647516590553,0.9277790493629361,1.399566037853655,0.012394868976006723,60,2.4,0.7155173084603351,0.820165695068655,False,withdrawal,39.0,0.0021098649576565265,0.00019180590524214836,0.00019180590524214836,0.0013426413366897094,0.00029659014262470307,0.00019180590524214836
0.3500351210241206,0.348744000075385,0.04395867542404162,1.398840466926071,-0.05589379720760235,0.8948805981536587,1.3995869834286394,0.007781644997198719,60,2.4,0.7212439116962535,0.9188559631418802,False,withdrawal,39.0,0.0021098649576565265,0.00019180590524214836,0.00019180590524214836,0.0013426413366897094,0.00029659014262470307,0.00019180590524214836
0.3521225400036201,0.3507843175320886,0.04395867542404162,1.398840466926071,-0.03877317463950192,0.9119707026779587,1.3995993512118137,0.004244982691465287,60,2.4,0.7270589316919756,0.8758355664308568,False,withdrawal,39.0,0.0021098649576565265,0.00019180590524214836,0.00019180590524214836,0.0013426413366897094,0.00029659014262470307,0.00019180590524214836
0.3543415850144811,0.35284952755318955,0.04395867542404162,1.398840466926071,-0.015609979400323937,0.9038529030289162,1.3996056698060038,0.0016502435251359254,60,2.4,0.7333518272491161,0.8206885350661853,False,withdrawal,39.0,0.0021098649576565265,0.00019180590524214836,0.00019180590524214836,0.0013426413366897094,0.00029659014262470307,0.00019180590524214836
0.356436098983977,0.35509858140721917,0.06593801313606243,1.3984568551155885,-0.07603570611124155,0.9119707026779587,1.3996075300963906,0.0003048833585322425,60,2.4,0.7393897828315349,0.9916476964071194,False,withdrawal,39.0,0.0021098649576565265,0.00019180590524214836,0.00019180590524214836,0.0013426413366897094,0.00029659014262470307,0.00019180590524214836
0.3585218350053765,0.35725152847589925,0.04395867542404162,1.398840466926071,-0.0045319295033152684,0.8974441138323037,1.399607690547036,0,40,1.8,1.0205695566298105,1.0594159745743796,False,settling,39.0,0.0021098649576565265,0.00019180590524214836,0.00019180590524214836,0.0013426413366897094,0.00029659014262470307,0.00019180590524214836
0.36065013497136533,0.359293089073617,0.06593801313606243,1.3984568551155885,-0.03978027008469098,0.9162432288090336,1.399607690547036,0,40,1.8,1.0207076568815843,1.1383455602919306,False,settling,39.0,0.0021098649576565265,0.00019180590524214836,0.00019180590524214836,0.0013426413366897094,0.00029659014262470307,0.00019180590524214836
0.362734988972079,0.36135254375403747,0.06593801313606243,1.3984568551155885,-0.001510643167776493,0.9461509117265585,1.399607690547036,0,40,1.8,1.020845757133358,1.069598332093258,False,settling,39.0,0.0021098649576565265,0.00019180590524214836,0.00019180590524214836,0.0013426413366897094,0.00029659014262470307,0.00019180590524214836
0.3648156260023825,0.3635029958677478,0.06593801313606243,1.3984568551155885,-0.0417944609750549,0.9623865110246435,1.399607690547036,0,40,1.8,1.0209838573851318,1.142247304398133,False,settling,39.0,0.0021098649576565265,0.00019180590524214836,0.00019180590524214836,0.0013426413366897094,0.00029659014262470307,0.00019180590524214836
0.366894229024183,0.3655575570301153,0.06593801313606243,1.3984568551155885,0.02366674296177962,0.9670862897688259,1.399607690547036,0,40,1.8,1.0211219576369057,1.0245552375636047,False,settling,39.0,0.0021098649576565265,0.00019180590524214836,0.00019180590524214836,0.0013426413366897094,0.00029659014262470307,0.00019180590524214836
0.3689742240239866,0.36765066132647917,0.06593801313606243,1.3984568551155885,-0.01258869306477095,0.9824673838406959,1.399607690547036,0,40,1.8,1.021260057888679,1.0899531226631693,False,settling,39.0,0.0021098649576565265,0.00019180590524214836,0.00019180590524214836,0.0013426413366897094,0.00029659014262470307,0.00019180590524214836
0.3710669450229034,0.36974222311982885,0.04395867542404162,1.398840466926071,0.051865415426874506,0.9875944151979859,1.399607690547036,0,40,1.8,1.0213521247231951,0.9586833217934226,False,settling,39.0,0.0021098649576565265,0.00019180590524214836,0.00019180590524214836,0.0013426413366897094,0.00029659014262470307,0.00019180590524214836
0.3731631619739346,0.3718464008416049,0.04395867542404162,1.398840466926071,0.06395056076905803,0.9828946364538034,1.399607690547036,0,40,1.8,1.021444191557711,0.9370221270120083,False,settling,39.0,0.0021098649576565265,0.00019180590524214836,0.00019180590524214836,0.0013426413366897094,0.00029659014262470307,0.00019180590524214836
0.37549492402467877,0.3739028428681195,0.04395867542404162,1.398840466926071,0.0045319295033152684,0.9910124361028458,1.399607690547036,0,40,1.8,1.021536258392227,1.044067730124861,False,settling,39.0,0.0021098649576565265,0.00019180590524214836,0.00019180590524214836,0.0013426413366897094,0.00029659014262470307,0.00019180590524214836
0.3776122020208277,0.3739028428681195,0.04395867542404162,1.398840466926071,0.0045319295033152684,0.9910124361028458,1.399607690547036,0,40,1.8,1.0216283252267429,1.044159796959377,False,settling,39.0,0.0021098649576565265,0.00019180590524214836,0.00019180590524214836,0.0013426413366897094,0.00029659014262470307,0.00019180590524214836
0.3797144410200417,0.3739028428681195,0.04395867542404162,1.398840466926071,0.0045319295033152684,0.9910124361028458,1.399607690547036,0,40,1.8,1.0217203920612588,1.044251863793893,False,settling,39.0,0.0021098649576565265,0.00019180590524214836,0.00019180590524214836,0.0013426413366897094,0.00029659014262470307,0.00019180590524214836
0.38183473399840295,0.38156446639914066,0.02197933771202081,1.3992240787365535,0.009567406729232175,0.9640955214770734,1.399607690547036,0,40,1.8,1.0217664254785166,1.0198895657851994,False,settling,39.0,0.0021098649576565265,0.00019180590524214836,0.00019180590524214836,0.0013426413366897094,0.00029659014262470307,0.00019180590524214836
0.38397188001545146,0.3826622720807791,0.02197933771202081,1.3992240787365535,0.08912794689859993,0.9538414587624935,1.399607690547036,0,40,1.8,1.0218124588957744,0.8767266268975954,False,settling,39.0,0.0021098649576565265,0.00019180590524214836,0.00019180590524214836,0.0013426413366897094,0.00029659014262470307,0.00019180590524214836
0.38615709997247905,0.38479585392633453,0.02197933771202081,1.3992240787365535,0.07402151522087763,0.9410238803692685,1.399607690547036,0,40,1.8,1.0218584923130323,0.9039642373347534,False,settling,39.0,0.0021098649576565265,0.00019180590524214836,0.00019180590524214836,0.0013426413366897094,0.00029659014262470307,0.00019180590524214836
0.3883244739845395,0.3869818209204823,0.0,1.399607690547036,0.1153124284733309,0.944014648661021,1.399607690547036,0,40,1.8,1.0218584923130323,0.8142961210610367,False,settling,39.0,0.0021098649576565265,0.00019180590524214836,0.00019180590524214836,0.0013426413366897094,0.00029659014262470307,0.00019180590524214836
0.39045244199223816,0.389104601519648,0.0,1.399607690547036,0.07502861066605249,0.963668268863966,1.399607690547036,0,40,1.8,1.0218584923130323,0.8868069931141378,False,settling,39.0,0.0021098649576565265,0.00019180590524214836,0.00019180590524214836,0.0013426413366897094,0.00029659014262470307,0.00019180590524214836
0.3925631769816391,0.39125000627245754,0.0,1.399607690547036,0.015609979400323937,0.950850690470741,1.399607690547036,0,40,1.8,1.0218584923130323,0.9937605293924492,False,settling,39.0,0.0021098649576565265,0.00019180590524214836,0.00019180590524214836,0.0013426413366897094,0.00029659014262470307,0.00019180590524214836
0.3946551359840669,0.39334468281595036,0.0,1.399607690547036,0.034744792858774076,0.9687953002212559,1.399607690547036,0,40,1.8,1.0218584923130323,0.9593178651672389,False,settling,39.0,0.0021098649576565265,0.00019180590524214836,0.00019180590524214836,0.0013426413366897094,0.00029659014262470307,0.00019180590524214836
0.3970446410239674,0.39540052064694464,0.0,1.399607690547036,-0.0800640878919694,1.0072480354009308,1.399607690547036,0,40,1.8,1.0218584923130323,1.1659738505185773,False,settling,39.0,0.0005754177157246687,0.00019180590524214836,0.00019180590524214836,0.00019180590524214836,-8.702166785959364e-05,0.00019180590524214836
0.3991500249831006,0.3978448875132017,0.0,1.399607690547036,-0.024673838406954474,1.0273289082169832,1.399607690547036,0,40,1.8,1.0218584923130323,1.0662714014455503,False,settling,39.0,0.0005754177157246687,0.00019180590524214836,0.00019180590524214836,0.00019180590524214836,-8.702166785959364e-05,0.00019180590524214836
0.40123919799225405,0.3999008216778748,0.0,1.399607690547036,-0.03978027008469098,1.0260471503776607,1.399607690547036,0,40,1.8,1.0218584923130323,1.0934629784654761,False,settling,39.0,0.0005754177157246687,0.00019180590524214836,0.00019180590524214836,0.00019180590524214836,-8.702166785959364e-05,0.00019180590524214836
0.40332218998810276,0.40200237272074446,0.02197933771202081,1.3992240787365535,-0.06999313344014979,1.053818570229648,1.399607690547036,0,40,1.8,1.0219045257302901,1.1632366383418606,False,settling,39.0,0.0005754177157246687,0.00019180590524214836,0.00019180590524214836,0.00019180590524214836,-8.702166785959364e-05,0.00019180590524214836
0.40541680401656777,0.4040578331332654,0.0,1.399607690547036,-0.017624170290687857,1.0230563820859082,1.399607690547036,0,40,1.8,1.02190452573029,1.0536280322535283,False,settling,39.0,0.0005754177157246687,0.00019180590524214836,0.00019180590524214836,0.00019180590524214836,-8.702166785959364e-05,0.00019180590524214836
0.4075106559903361,0.4062503008171916,0.0,1.399607690547036,-0.02568093385214354,1.0345922026398107,1.399607690547036,0,40,1.8,1.0219045257302901,1.0681302066641485,False,settling,39.0,0.0005754177157246687,0.00019180590524214836,0.00019180590524214836,0.00019180590524214836,-8.702166785959364e-05,0.00019180590524214836
0.4095943290158175,0.4082517834031023,0.0,1.399607690547036,-0.06999313344014979,1.0277561608300907,1.399607690547036,0,40,1.8,1.0219045257302901,1.1478921659225598,False,settling,39.0,0.0005754177157246687,0.00019180590524214836,0.00019180590524214836,0.00019180590524214836,-8.702166785959364e-05,0.00019180590524214836
0.4117897580144927,0.4103464589570649,0.02197933771202081,1.3992240787365535,0.030716411078046235,1.0350194552529182,1.399607690547036,0,40,1.8,1.0219505591475482,0.9820054916263655,False,settling,39.0,0.0005754177157246687,0.00019180590524214836,0.00019180590524214836,0.00019180590524214836,-8.702166785959364e-05,0.00019180590524214836
