time,sample_at,depth_deg,position,velocity,feedback_torque,command_position,command_velocity,kp,kd,feedforward_torque,estimated_torque,limited,phase,temperature_c,held_j1,held_j2,held_j3,held_j4,held_j5,held_j6
3.821298014372587e-05,-0.001428311865311116,0.0,1.399607690547036,0.021652552071415698,1.0350194552529182,1.3996076905443942,-2.0741500511758083e-07,60,2.4,0.7468697145258273,0.694903091599904,False,approach,38.0,0.0005754177157246687,0.00019180590524214836,0.00019180590524214836,0.0005754177157246687,-8.702166785959364e-05,0.00019180590524214836
0.002239466004539281,0.0008525847224518657,0.0,1.399607690547036,0.00856031128404311,1.0209201190203707,1.399607158778391,-0.0007123427338641762,60,2.4,0.7393094597262585,0.7170231839645739,False,approach,38.0,0.0005754177157246687,0.00019180590524214836,0.00019180590524214836,0.0005754177157246687,-8.702166785959364e-05,0.00019180590524214836
0.004422002995852381,0.003066218225285411,0.0,1.399607690547036,-0.0417944609750549,0.9709315632867934,1.3996035970659353,-0.0027767919481911678,60,2.4,0.7317117561697343,0.825108552968162,False,approach,38.0,0.0005754177157246687,0.00019180590524214836,0.00019180590524214836,0.0005754177157246687,-8.702166785959364e-05,0.00019180590524214836
0.006567398027982563,0.005228042136877775,0.0,1.399607690547036,-0.01258869306477095,0.9427328908216985,1.3995942839554858,-0.006122437796754807,60,2.4,0.7241523983876562,0.7388670155378801,False,approach,38.0,0.0005754177157246687,0.00019180590524214836,0.00019180590524214836,0.0005754177157246687,-8.702166785959364e-05,0.00019180590524214836
0.008656824997160584,0.007316163508221507,0.0,1.399607690547036,-0.04078736552986584,0.9358968490119786,1.399576994890291,-0.010632142526415166,60,2.4,0.7167109571972162,0.7872417530007935,False,approach,38.0,0.0005754177157246687,0.00019180590524214836,0.00019180590524214836,0.0005754177157246687,-8.702166785959364e-05,0.00019180590524214836
0.01074436801718548,0.00940436398377642,0.0,1.399607690547036,-0.028702220187682315,0.9068436713206687,1.399549027524175,-0.016366703385110114,60,2.4,0.7092053576579892,0.7352908166125055,False,approach,38.0,0.0005754177157246687,0.00019180590524214836,0.00019180590524214836,0.0005754177157246687,-8.702166785959364e-05,0.00019180590524214836
0.01285353401908651,0.011552021722309291,0.0,1.399607690547036,0.001510643167776493,0.9000076295109487,1.3995073062600973,-0.023402706092667713,60,2.4,0.7015575066738646,0.6357424112324763,False,approach,38.0,0.0005754177157246687,0.00019180590524214836,0.00019180590524214836,0.0005754177157246687,-8.702166785959364e-05,0.00019180590524214836
0.014906361000612378,0.013612802198622376,0.02197933771202081,1.3992240787365535,-0.07402151522087763,0.8957351033798737,1.3994512122935538,-0.03144321082656389,60,2.4,0.6940589020202675,0.80987484598664,False,approach,38.0,0.0005754177157246687,0.00019180590524214836,0.00019180590524214836,0.0005754177157246687,-8.702166785959364e-05,0.00019180590524214836
0.016994774981867522,0.015681379765737802,0.02197933771202081,1.3992240787365535,-0.11430533302815604,0.8786449988555738,1.3993759617404367,-0.04082248835818503,60,2.4,0.6863820001226205,0.871853807563539,False,approach,38.0,0.0005754177157246687,0.00019180590524214836,0.00019180590524214836,0.0005754177157246687,-8.702166785959364e-05,0.00019180590524214836
0.019383720005862415,0.017711245687678456,0.04395867542404162,1.398840466926071,-0.08107118333714425,0.8914625772487987,1.3992641768541794,-0.05302331243340607,60,2.4,0.6775503221529545,0.770287808008428,False,approach,38.0,0.0005754177157246687,0.00019180590524214836,0.00019180590524214836,0.0005754177157246687,-8.702166785959364e-05,0.00019180590524214836
0.021492845029570162,0.017711245687678456,0.04395867542404162,1.398840466926071,-0.08107118333714425,0.8914625772487987,1.399139832426784,-0.06508877729653913,60,2.4,0.6697175180392548,0.7260372225794917,False,approach,38.0,0.0005754177157246687,0.00019180590524214836,0.00019180590524214836,0.0005754177157246687,-8.702166785959364e-05,0.00019180590524214836
0.02359340398106724,0.017711245687678456,0.04395867542404162,1.398840466926071,-0.08107118333714425,0.8914625772487987,1.3989894427561473,-0.07829885430174471,60,2.4,0.6618916680078187,0.6774838074973578,False,approach,38.0,0.0005754177157246687,0.00019180590524214836,0.00019180590524214836,0.0005754177157246687,-8.702166785959364e-05,0.00019180590524214836
0.025686729000881314,0.02545214374549687,0.06593801313606243,1.3984568551155885,-0.1304188601510674,0.8577096208133064,1.398810735013525,-0.09263559276419685,60,2.4,0.6540760758537522,0.7659887114584351,False,approach,38.0,0.0005754177157246687,0.00019180590524214836,0.00019180590524214836,0.0005754177157246687,-8.702166785959364e-05,0.00019180590524214836
0.027778230025433004,0.026481295994017273,0.08791735084818501,1.3980732433051042,-0.05589379720760235,0.8624093995574889,1.398601000442306,-0.10811442268753318,60,2.4,0.6462586885707735,0.5525946156510455,False,approach,38.0,0.0005754177157246687,0.00019180590524214836,0.00019180590524214836,0.0005754177157246687,-8.702166785959364e-05,0.00019180590524214836
0.029870603000745177,0.028551055409479886,0.08791735084818501,1.3980732433051042,-0.13444724193179525,0.8389105058365764,1.3983575893796187,-0.12473929776789201,60,2.4,0.6384375600839336,0.6787973905481746,False,approach,38.0,0.0005754177157246687,0.00019180590524214836,0.00019180590524214836,0.0005754177157246687,-8.702166785959364e-05,0.00019180590524214836
0.0320172100327909,0.030658347823191434,0.10989668856020582,1.3976896314946217,-0.1485465781643427,0.812848096437019,1.3980704740573886,-0.14296240142238095,60,2.4,0.630421826140509,0.6666744040872334,False,approach,38.0,0.0005754177157246687,0.00019180590524214836,0.00019180590524214836,0.0005754177157246687,-8.702166785959364e-05,0.00019180590524214836
0.03412889002356678,0.032803998969029635,0.10989668856020582,1.3976896314946217,-0.13948271915769794,0.7735408560311292,1.3977486534284147,-0.16202422243311176,60,2.4,0.6225531811831387,0.5719948893497276,False,approach,38.0,0.0005754177157246687,0.00019180590524214836,0.00019180590524214836,0.0005754177157246687,-8.702166785959364e-05,0.00019180590524214836
0.03628214099444449,0.0348514961078763,0.13187602627222664,1.3973060196841391,-0.05488670176241328,0.7346608682383469,1.3973778262123864,-0.18260046535250596,60,2.4,0.6145556719135546,0.3123510309921661,False,approach,38.0,0.0005754177157246687,0.00019180590524214836,0.00019180590524214836,0.0005754177157246687,-8.702166785959364e-05,0.00019180590524214836
0.03839548397809267,0.03705708734923974,0.15385536398424743,1.3969224078736566,-0.22508583199817167,0.7547417410543993,1.3969696193302656,-0.20389281764374506,60,2.4,0.6067408654664711,0.6604367873136362,False,approach,38.0,0.0005754177157246687,0.00019180590524214836,0.00019180590524214836,0.0005754177157246687,-8.702166785959364e-05,0.00019180590524214836
0.040814556006807834,0.03915537637658417,0.17583470169637003,1.3965387960631723,-0.1455252918287897,0.7350881208514544,1.3964456065466964,-0.2295714646158494,60,2.4,0.5978489402140807,0.3905467545365795,False,approach,38.0,-0.0005754177157246687,0.00019180590524214836,0.0005754177157246687,-0.00019180590524214836,0.00029659014262470307,0.00019180590524214836
0.042910306015983224,0.04160203237552196,0.19781403940839082,1.3961551842526898,-0.1555962462806093,0.7363698786907769,1.395940192849096,-0.2529192746616243,60,2.4,0.5902015168112741,0.34372676448120876,False,approach,38.0,-0.0005754177157246687,0.00019180590524214836,0.0005754177157246687,-0.00019180590524214836,0.00029659014262470307,0.00019180590524214836
0.04499765898799524,0.04364548361627385,0.21979337712041164,1.3957715724422073,-0.1837949187457042,0.6547646295872429,1.3953871265548417,-0.2771647456362143,60,2.4,0.5826457064804402,0.3354913687012778,False,approach,38.0,-0.0005754177157246687,0.00019180590524214836,0.0005754177157246687,-0.00019180590524214836,0.00029659014262470307,0.00019180590524214836
0.04708317801123485,0.04569642600836232,0.24177271483243246,1.3953879606317248,-0.23616388189516613,0.6487830930037379,1.3947829951271282,-0.30235188983418304,60,2.4,0.5751661572310449,0.3800170079016117,False,approach,38.0,-0.0005754177157246687,0.00019180590524214836,0.0005754177157246687,-0.00019180590524214836,0.00029659014262470307,0.00019180590524214836
0.04916517098899931,0.047815259953495115,0.28573139025657585,1.394620737010758,-0.25831998168916925,0.6171663996337831,1.3941265124213484,-0.3284305633651445,60,2.4,0.56777757163189,0.36985870024497897,False,approach,38.0,-0.0005754177157246687,0.00019180590524214836,0.0005754177157246687,-0.00019180590524214836,0.00029659014262470307,0.00019180590524214836
0.051247826020698994,0.049944996484555304,0.30771072796859666,1.3942371252002754,-0.25026321812771357,0.5821316853589682,1.3934145506481719,-0.35542414553776186,60,2.4,0.5604739123012632,0.2587332133909343,False,approach,38.0,-0.0005754177157246687,0.00019180590524214836,0.0005754177157246687,-0.00019180590524214836,0.00029659014262470307,0.00019180590524214836
0.053331662027630955,0.051999449788127095,0.3296900656806175,1.393853513389793,-0.23515678644999127,0.5787136644541082,1.3926449981271136,-0.3833122087621164,60,2.4,0.5532625636292402,0.1251786343193826,False,approach,38.0,-0.0005754177157246687,0.00019180590524214836,0.0005754177157246687,-0.00019180590524214836,0.00029659014262470307,0.00019180590524214836
0.055419176002033055,0.054084827192127705,0.3736487411047609,1.393086289768826,-0.317738612954912,0.5206073090714884,1.3918149251273726,-0.4121015931443219,60,2.4,0.5461444402129052,0.24339140927111164,False,approach,38.0,-0.0005754177157246687,0.00019180590524214836,0.0005754177157246687,-0.00019180590524214836,0.00029659014262470307,0.00019180590524214836
0.057508862984832376,0.056168107606936246,0.41760741652880246,1.392319066147861,-0.317738612954912,0.5000991836423285,1.3909229306030118,-0.4417441736904268,60,2.4,0.5391344660943184,0.15775298763812506,False,approach,38.0,-0.0005754177157246687,0.00019180590524214836,0.0005754177157246687,-0.00019180590524214836,0.00029659014262470307,0.00019180590524214836
0.059595465019810945,0.05829249834641814,0.46156609195294585,1.3915518425268942,-0.31673151750972295,0.43985656519417127,1.3899696162747217,-0.4721327176328475,60,2.4,0.5322596341232624,0.06436317869741204,False,approach,38.0,-0.0005754177157246687,0.00019180590524214836,0.0005754177157246687,-0.00019180590524214836,0.00029659014262470307,0.00019180590524214836
0.06180762901203707,0.06038235197775066,0.5055247673769875,1.3907846189059292,-0.3761501487754657,0.42276646066987134,1.3888887871050204,-0.50517461630447,60,2.4,0.5251178936319698,0.10170926350783155,False,approach,38.0,-0.0005754177157246687,0.00019180590524214836,0.0005754177157246687,-0.00019180590524214836,0.00029659014262470307,0.00019180590524214836
0.0639095000224188,0.06260315206600353,0.5494834428011309,1.3900173952849624,-0.3731288624399127,0.36807812619211155,1.3877933184559954,-0.5373187881335895,60,2.4,0.5184824195588879,-0.009018011843954565,False,approach,38.0,-0.0005754177157246687,0.00019180590524214836,0.0005754177157246687,-0.00019180590524214836,0.00029659014262470307,0.00019180590524214836
0.06605448399204761,0.06465631781611592,0.6154214559371933,1.3888665598535148,-0.42549782558937466,0.31595330739299676,1.3866049559241205,-0.5708368725710403,60,2.4,0.5118722112631539,0.027362262743495847,False,approach,38.0,-0.0005754177157246687,0.00019180590524214836,0.0005754177157246687,-0.00019180590524214836,0.00029659014262470307,0.00019180590524214836
0.06821145198773593,0.06685595936141908,0.6593801313613367,1.388099336232548,-0.45671778439002253,0.34116121156633916,1.3853367069952403,-0.6052298523834336,60,2.4,0.505400140281601,-0.016786577141050363,False,approach,38.0,-0.0005754177157246687,0.00019180590524214836,0.0005754177157246687,-0.00019180590524214836,0.00029659014262470307,0.00019180590524214836
0.07032063702354208,0.06900125712854788,0.7033388067853783,1.387332112611583,-0.3962920576791049,0.26767376211184946,1.3840241428256927,-0.6394873547016756,60,2.4,0.4992516916960987,-0.28289520831148346,False,approach,38.0,-0.0005754177157246687,0.00019180590524214836,0.0005754177157246687,-0.00019180590524214836,0.00029659014262470307,0.00019180590524214836
0.07253102702088654,0.07105463981861249,0.7692768199215425,1.3861812771801336,-0.4698100251773809,0.2117036697947654,1.3825703758317518,-0.6760086591481429,60,2.4,0.49301083181622973,-0.2185199706165084,False,approach,38.0,-0.0005754177157246687,0.00019180590524214836,0.0005754177157246687,-0.00019180590524214836,0.00029659014262470307,0.00019180590524214836
0.07468809501733631,0.07340413809288293,0.8352148330577067,1.3850304417486843,-0.42046234836347196,0.18008697642481053,1.3810732255148568,-0.7122152598284542,60,2.4,0.4871317432123471,-0.45050821833326027,False,approach,38.0,-0.0005754177157246687,0.00019180590524214836,0.0005754177157246687,-0.00019180590524214836,0.00029659014262470307,0.00019180590524214836
0.07679472502786666,0.07555635826429352,0.9011528461938709,1.383879606317235,-0.4748455024032978,0.13394369420920071,1.3795351665703308,-0.7480705492197309,60,2.4,0.4816023852986439,-0.43480411187504314,False,approach,38.0,-0.0005754177157246687,0.00019180590524214836,0.0005754177157246687,-0.00019180590524214836,0.00029659014262470307,0.00019180590524214836
0.0788711070199497,0.07755729014752433,0.9451115216179126,1.38311238269627,-0.5141222247653872,0.0617380025940335,1.3779448151585323,-0.783846454470068,60,2.4,0.47636807807940873,-0.4810241254760821,False,approach,38.0,-0.0005754177157246687,0.00019180590524214836,0.0005754177157246687,-0.00019180590524214836,0.00029659014262470307,0.00019180590524214836
0.08090741198975593,0.0795999855035916,1.0110495347540767,1.3819615472648206,-0.5997253376058609,0.08480964370183841,1.3763126178854446,-0.8193094066623143,60,2.4,0.4714526700086909,-0.3944848584893574,False,approach,38.0,-0.0005754177157246687,0.00019180590524214836,0.0005754177157246687,-0.00019180590524214836,0.00029659014262470307,0.00019180590524214836
0.08312004699837416,0.0816859460901469,1.0989668856022619,1.3804271000228887,-0.6077821011673166,0.09420920119020337,1.3744568075996915,-0.8582174703495006,60,2.4,0.4663676432000725,-0.4928947882290037,False,approach,38.0,-0.0005754177157246687,0.00019180590524214836,0.0005754177157246687,-0.00019180590524214836,0.00029659014262470307,0.00019180590524214836
0.08521711901994422,0.0816859460901469,1.0989668856022619,1.3804271000228887,-0.6077821011673166,0.09420920119020337,1.3726181207027093,-0.8954041084906786,60,2.4,0.4618054586975775,-0.6970261180892574,False,approach,38.0,-0.0005754177157246687,0.00019180590524214836,0.0005754177157246687,-0.00019180590524214836,0.00029659014262470307,0.00019180590524214836
0.0873194609885104,0.0816859460901469,1.0989668856022619,1.3804271000228887,-0.6077821011673166,0.09420920119020337,1.3706962607128284,-0.9329379840154746,60,2.4,0.4574942070473872,-0.9067302703918135,False,approach,38.0,-0.0005754177157246687,0.00019180590524214836,0.0005754177157246687,-0.00019180590524214836,0.00029659014262470307,0.00019180590524214836
0.08940962899941951,0.08920060383388773,1.3627189381468168,1.3758237582970931,-0.672236209658962,0.184786755168993,1.368707084031192,-0.970456787336991,60,2.4,0.4534792684654894,-0.6892505739158543,False,approach,38.0,-0.0005754177157246687,0.00019180590524214836,0.0005754177157246687,-0.00019180590524214836,0.00029659014262470307,0.00019180590524214836
0.09150101098930463,0.09016237972537056,1.4066776135708583,1.375056534676128,-0.7235980773632349,0.14718852521553316,1.3666380961205447,-1.0081485546827051,60,2.4,0.44974375712972475,-0.7382837017720103,False,approach,38.0,-0.0005754177157246687,0.00019180590524214836,0.0005754177157246687,-0.00019180590524214836,0.00029659014262470307,0.00019180590524214836
0.0935863699996844,0.09225272480398417,1.516574302131166,1.373138475623712,-0.8615701533531706,0.2121309224078729,1.3644964665951531,-1.0458307923708592,60,2.4,0.4463106136118281,-0.5144354617441543,False,approach,38.0,-0.0005754177157246687,0.00019180590524214836,0.0005754177157246687,-0.00019180590524214836,0.00029659014262470307,0.00019180590524214836
0.09567129798233509,0.09430491976672783,1.626470990691372,1.3712204165712976,-0.9552300297550858,0.2775005722133219,1.362276665651281,-1.0835514842929344,60,2.4,0.4431803309801373,-0.40141621511169145,False,approach,38.0,-0.0005754177157246687,0.00019180590524214836,0.0005754177157246687,-0.00019180590524214836,0.00029659014262470307,0.00019180590524214836
0.09779035300016403,0.09644929872592911,1.7363676792515776,1.3693023575188832,-0.952208743419547,0.34586099031052164,1.3599399421886362,-1.121881621306552,60,2.4,0.4403198611146656,-0.5286399656289634,False,approach,38.0,-0.0005754177157246687,0.00019180590524214836,0.0005754177157246687,-0.00019180590524214836,0.00029659014262470307,0.00019180590524214836
0.09990917699178681,0.09860423667123541,1.868243705523906,1.3670006866559845,-1.0378118562600207,0.4069581139848939,1.3575223220905863,-1.1601421808079124,60,2.4,0.4377950320700606,-0.42449962076877096,False,approach,38.0,-0.0005754177157246687,0.00019180590524214836,0.0005754177157246687,-0.00019180590524214836,0.00029659014262470307,0.00019180590524214836
0.1020137530285865,0.10065221233526245,2.000119731796133,1.3646990157930876,-1.1465781643396724,0.4633554589150837,1.3550408332169237,-1.198010138671319,60,2.4,0.43585337551623543,-0.26707431744955074,False,approach,38.0,-0.0005754177157246687,0.00019180590524214836,0.0005754177157246687,-0.00019180590524214836,0.00029659014262470307,0.00019180590524214836
0.10429564100923017,0.10279416083358228,2.1539750957804817,1.3620137331197064,-1.2039826047150441,0.5206073090714884,1.352260530777303,-1.2387669306415259,60,2.4,0.434702689300848,-0.2339718334669122,False,approach,38.0,0.00019180590524214836,0.0005754177157246687,0.0005754177157246687,0.0005754177157246687,0.00029659014262470307,0.00019180590524214836
0.10639939602697268,0.10504028241848573,2.307830459764831,1.3593284504463252,-1.210025177386136,0.505653467612726,1.3496153136124076,-1.2759087405083718,60,2.4,0.4345421131638436,-0.3063666483645793,False,approach,38.0,0.00019180590524214836,0.0005754177157246687,0.0005754177157246687,0.0005754177157246687,0.00029659014262470307,0.00019180590524214836
0.1085231089964509,0.10717277054209262,2.4616858237490784,1.3566431677729458,-1.2885786221103288,0.4278934920271613,1.3468663309570528,-1.3128282658236095,60,2.4,0.43527564253367523,-0.20953371133178011,False,approach,38.0,0.00019180590524214836,0.0005754177157246687,0.0005754177157246687,0.0005754177157246687,0.00029659014262470307,0.00019180590524214836
0.11073004303034395,0.10930909001035616,2.6375205254454483,1.353574273289082,-1.436621652552077,0.4543831540398262,1.3439273634002284,-1.3504204447350978,60,2.4,0.4370120773981986,0.06508038282773021,False,approach,38.0,0.00019180590524214836,0.0005754177157246687,0.0005754177157246687,0.0005754177157246687,0.00029659014262470307,0.00019180590524214836
0.1128669020254165,0.11161042330786586,2.857313902565962,1.3497381551842516,-1.5151750972762699,0.385595483329519,1.3410036160889243,-1.3859073543142986,60,2.4,0.43965980285387174,0.2258300402429656,False,approach,38.0,0.00019180590524214836,0.0005754177157246687,0.0005754177157246687,0.0005754177157246687,0.00029659014262470307,0.00019180590524214836
0.1149735720246099,0.1135975060169585,3.0111692665502092,1.3470528725108721,-1.4718699931334456,0.3074082551308468,1.3380480096106635,-1.4198600684602893,60,2.4,0.4432205384803777,0.027752583683434695,False,approach,38.0,0.00019180590524214836,0.0005754177157246687,0.0005754177157246687,0.0005754177157246687,0.00029659014262470307,0.00019180590524214836
0.1170777470106259,0.11575380794238299,3.208983305958702,1.3436003662165241,-1.5403524834058189,0.2813458457312894,1.3350257144295736,-1.4525966181080066,60,2.4,0.4477382886440934,0.1438732581418133,False,approach,38.0,0.00019180590524214836,0.0005754177157246687,0.0005754177157246687,0.0005754177157246687,0.00029659014262470307,0.00019180590524214836
0.11918904702179134,0.1177971794968471,3.38481800765497,1.3405314717326622,-1.5494163424124565,0.20315861753261544,1.331925332075056,-1.4841091953218892,60,2.4,0.45325624406568843,0.0936250176266743,False,approach,38.0,0.00019180590524214836,0.0005754177157246687,0.0005754177157246687,0.0005754177157246687,0.00029659014262470307,0.00019180590524214836
0.12128587899496779,0.12004900764441118,3.5606527093513405,1.3374625772487985,-1.5343099107347271,0.2151216906996254,1.3287818701353946,-1.5139291972477154,60,2.4,0.45973210392171526,-0.012196610513687589,False,approach,38.0,0.00019180590524214836,0.0005754177157246687,0.0005754177157246687,0.0005754177157246687,0.00029659014262470307,0.00019180590524214836
0.12337299098726362,0.12205854436615482,3.758466748759833,1.3340100709544505,-1.486976424811175,0.24374761577782955,1.3255925465704317,-1.5419971546473104,60,2.4,0.4671824576828326,-0.16991875696501857,False,approach,38.0,0.00019180590524214836,0.0005754177157246687,0.0005754177157246687,0.0005754177157246687,0.00029659014262470307,0.00019180590524214836
0.12560245802160352,0.12409918336197734,3.9343014504561014,1.3309411764705885,-1.538338292515455,0.3749141680018315,1.3221230762785379,-1.5700284304627827,60,2.4,0.4762695835813152,-0.12887275901531037,False,approach,38.0,0.00019180590524214836,0.0005754177157246687,0.0005754177157246687,0.0005754177157246687,0.00029659014262470307,0.00019180590524214836
0.12768960098037496,0.12640066322637722,4.154094827576615,1.327105058365758,-1.615884641794466,0.5086442359044785,1.318820544493616,-1.5942810944329013,60,2.4,0.485853436133049,0.040631117472289424,False,approach,38.0,0.00019180590524214836,0.0005754177157246687,0.0005754177157246687,0.0005754177157246687,0.00029659014262470307,0.00019180590524214836
0.12978411797666922,0.12845071533229202,4.3299295292729845,1.3240361638818943,-1.6249485008011035,0.5761501487754632,1.315457619591896,-1.6165261630533685,60,2.4,0.49653781674154807,0.0020387699362227063,False,approach,38.0,0.00019180590524214836,0.0005754177157246687,0.0005754177157246687,0.0005754177157246687,0.00029659014262470307,0.00019180590524214836
0.13193476299056783,0.13059671455994248,4.527743568681376,1.320583657587548,-1.661203936827654,0.6816815442130171,1.311958566968116,-1.6370198141365713,60,2.4,0.5086409057496126,0.04917736304228776,False,approach,38.0,0.00019180590524214836,0.0005754177157246687,0.0005754177157246687,0.0005754177157246687,0.00029659014262470307,0.00019180590524214836
0.1340609710314311,0.13271122181322426,4.725557608089766,1.3171311512932018,-1.689402609292749,0.7355153734645619,1.3084585900902463,-1.654775263802716,60,2.4,0.5217550108435933,0.08450696784234518,False,approach,38.0,0.00019180590524214836,0.0005754177157246687,0.0005754177157246687,0.0005754177157246687,0.00029659014262470307,0.00019180590524214836
0.13616563798859715,0.1348093426786363,4.923371647498157,1.3136786449988556,-1.7045090409704784,0.6440833142595555,1.3049596281070222,-1.6697323259826375,60,2.4,0.5358812944419904,0.09620439690280391,False,approach,38.0,0.00019180590524214836,0.0005754177157246687,0.0005754177157246687,0.0005754177157246687,0.00029659014262470307,0.00019180590524214836
0.13824749097693712,0.13694535242393613,5.14316502461867,1.309842526894025,-1.7488212405584846,0.5458152132448308,1.3014704421173184,-1.6818031141108496,60,2.4,0.5509950183814327,0.2095134352533614,False,approach,38.0,0.00019180590524214836,0.0005754177157246687,0.0005754177157246687,0.0005754177157246687,0.00029659014262470307,0.00019180590524214836
0.14033761899918318,0.13901168410666287,5.340979064027061,1.3063900205996788,-1.791119249256127,0.5163347829404135,1.2979450925663112,-1.6910348677271572,60,2.4,0.5673297423443708,0.3008365760118421,False,approach,38.0,0.00019180590524214836,0.0005754177157246687,0.0005754177157246687,0.0005754177157246687,0.00029659014262470307,0.00019180590524214836
0.1424314149771817,0.14105750602902845,5.560772441147473,1.30255390249485,-1.7276722362096635,0.4377203021286338,1.2943973867947625,-1.6972192537217448,60,2.4,0.5848793806616613,0.16857559662741184,False,approach,38.0,0.00019180590524214836,0.0005754177157246687,0.0005754177157246687,0.0005754177157246687,0.00029659014262470307,0.00019180590524214836
0.14452418801374733,0.14321256207767874,5.780565818267986,1.2987177843900195,-1.7729915312428517,0.3373159380483717,1.290841825124167,-1.7001718902029685,60,2.4,0.6036269543131403,0.3058365368577035,False,approach,38.0,0.00019180590524214836,0.0005754177157246687,0.0005754177157246687,0.0005754177157246687,0.00029659014262470307,0.00019180590524214836
0.14678439497947693,0.14526358689181507,6.000359195388398,1.2948816662851907,-1.7981689173724007,0.3586785687037466,1.2869990292906184,-1.6995437032156198,60,2.4,0.6252525586602923,0.38899485296222436,False,approach,38.0,0.00019180590524214836,0.0005754177157246687,0.0005754177157246687,0.0005754177157246687,0.00029659014262470307,0.00019180590524214836
0.14890692598419264,0.14526358689181507,6.000359195388398,1.2948816662851907,-1.7981689173724007,0.3586785687037466,1.2833956798085393,-1.69516160360375,60,2.4,0.6468861241295312,0.2049444885752062,False,approach,38.0,0.00019180590524214836,0.0005754177157246687,0.0005754177157246687,0.0005754177157246687,0.00029659014262470307,0.00019180590524214836
0.15099470998393372,0.14526358689181507,6.000359195388398,1.2948816662851907,-1.7981689173724007,0.3586785687037466,1.279864307425461,-1.6870937043559102,60,2.4,0.6694388840784852,0.03497786373427625,False,approach,38.0,0.00019180590524214836,0.0005754177157246687,0.0005754177157246687,0.0005754177157246687,0.00029659014262470307,0.00019180590524214836
0.1530624550068751,0.15300127171212807,6.74765667759792,1.2818388647287708,-1.666239414053564,0.6778362706950496,1.2763873857963102,-1.6752637841880025,60,2.4,0.6930399880707538,0.3442927638004609,False,approach,38.0,0.00019180590524214836,0.0005754177157246687,0.0005754177157246687,0.0005754177157246687,0.00029659014262470307,0.00019180590524214836
0.15515880601014942,0.1538091140682809,6.813594690734084,1.2806880292973215,-1.6853742275120212,0.691935606927597,1.2728915516393062,-1.659200050861895,60,2.4,0.7182729751030272,0.31330233958241355,False,approach,38.0,0.00019180590524214836,0.0005754177157246687,0.0005754177157246687,0.0005754177157246687,0.00029659014262470307,0.00019180590524214836
0.15726757002994418,0.1559473288943991,7.033388067854496,1.2768519111924928,-1.6974593728542047,0.8235294117647065,1.269413495937078,-1.6387325814768239,60,2.4,0.7450023287865661,0.43964171276739344,False,approach,38.0,0.00019180590524214836,0.0005754177157246687,0.0005754177157246687,0.0005754177157246687,0.00029659014262470307,0.00019180590524214836
0.15940939798019826,0.1580527540645562,7.231202107262886,1.2733994048981465,-1.6068207827878283,0.8158388647287715,1.2659299625215705,-1.6133386372515668,60,2.4,0.7735554786257228,0.3097460853181911,False,approach,38.0,0.00019180590524214836,0.0005754177157246687,0.0005754177157246687,0.0005754177157246687,0.00029659014262470307,0.00019180590524214836
0.16152509598759934,0.16020345350261778,7.429016146671379,1.2699468986037985,-1.639047837033651,0.833356221866179,1.2625473268450613,-1.583515751204216,60,2.4,0.8031718747138711,0.4924745751802845,False,approach,38.0,0.00019180590524214836,0.0005754177157246687,0.0005754177157246687,0.0005754177157246687,0.00029659014262470307,0.00019180590524214836
0.1636278689838946,0.1623092171503231,7.62683018607977,1.2664943923094523,-1.6309910734721953,0.7299610894941644,1.259252949959573,-1.5490282032947595,60,2.4,0.8340189512389271,0.5962432986720194,False,approach,38.0,0.00019180590524214836,0.0005754177157246687,0.0005754177157246687,0.0005754177157246687,0.00029659014262470307,0.00019180590524214836
0.16572022199397907,0.16445114417001605,7.824644225488161,1.263041886015106,-1.639047837033651,0.7150072480354019,1.2560520607449603,-1.5097371928573422,60,2.4,0.8661312320389976,0.7570872618533975,False,approach,38.0,0.00019180590524214836,0.0005754177157246687,0.0005754177157246687,0.0005754177157246687,0.00029659014262470307,0.00019180590524214836
0.1680194340297021,0.16649322694865987,8.000478927184531,1.2599729915312423,-1.485969329365993,0.5680323491264208,1.2526361000177508,-1.4606271571622855,60,2.4,0.903074734362797,0.5236824568422058,False,approach,38.0,0.0013426413366897094,0.00019180590524214836,0.00019180590524214836,0.0009590295262071891,0.00029659014262470307,0.00019180590524214836
0.17014185403240845,0.16880140360444784,8.198292966592922,1.256520485236896,-1.5262531471732714,0.47061875333791114,1.249589221477293,-1.409578151859863,60,2.4,0.9387407620438812,0.8028849252198775,False,approach,38.0,0.0013426413366897094,0.00019180590524214836,0.00019180590524214836,0.0009590295262071891,0.00029659014262470307,0.00019180590524214836
0.17228963400702924,0.1709460968268104,8.374127668289292,1.2534515907530324,-1.4668345159075358,0.41379415579461387,1.2466223857632104,-1.352135880054924,60,2.4,0.9763840606093688,0.8419084872663183,False,approach,38.0,0.0013426413366897094,0.00019180590524214836,0.00019180590524214836,0.0009590295262071891,0.00029659014262470307,0.00019180590524214836
0.17441209498792887,0.17310225684195757,8.571941707697682,1.2499990844586861,-1.4758983749141734,0.42191195544365634,1.2438179839535304,-1.289463933180247,60,2.4,1.0151390593505514,1.09171568920263,False,approach,38.0,0.0013426413366897094,0.00019180590524214836,0.00019180590524214836,0.0009590295262071891,0.00029659014262470307,0.00019180590524214836
0.17653507698560134,0.17514418286737055,8.725797071682031,1.247313801785305,-1.4134584573128919,0.49967193102922103,1.2411523658718726,-1.2207107462251274,60,2.4,1.0554729690132454,1.148381320817941,False,approach,38.0,0.0013426413366897094,0.00019180590524214836,0.00019180590524214836,0.0009590295262071891,0.00029659014262470307,0.00019180590524214836
0.1786522269831039,0.1773102125735022,8.879652435666278,1.2446285191119255,-1.2684367132066896,0.5500877393759058,1.2386460016664862,-1.145913328682248,60,2.4,1.097281704610305,1.0323867807426055,False,approach,38.0,0.0013426413366897094,0.00019180590524214836,0.00019180590524214836,0.0009590295262071891,0.00029659014262470307,0.00019180590524214836
0.1807701499783434,0.17940291651757434,9.033507799650629,1.2419432364385443,-1.2996566720073304,0.712443732356757,1.2363039305179984,-1.0646682165383636,60,2.4,1.1407125826425384,1.366326520535301,False,approach,38.0,0.0013426413366897094,0.00019180590524214836,0.00019180590524214836,0.0009590295262071891,0.00029659014262470307,0.00019180590524214836
0.18292137602111325,0.18160104501293972,9.187363163634977,1.2392579537651631,-1.1757839322499493,0.829938200961319,1.2341083943836113,-0.9753725318789128,60,2.4,1.1864949731438843,1.3585087711412625,False,approach,38.0,0.0013426413366897094,0.00019180590524214836,0.00019180590524214836,0.0009590295262071891,0.00029659014262470307,0.00019180590524214836
0.1850125759956427,0.18369801028165966,9.297259852195184,1.2373398947127487,-1.0388189517052027,0.8410467689021139,1.232165326663306,-0.8818327132639882,60,2.4,1.2326342927905287,1.298927182082874,False,approach,38.0,0.0013426413366897094,0.00019180590524214836,0.00019180590524214836,0.0009590295262071891,0.00029659014262470307,0.00019180590524214836
0.18712955701630563,0.18570336524862796,9.42913587846741,1.2350382238498518,-0.9854428931105446,1.0038300144960708,1.2304048485909913,-0.780180975805799,60,2.4,1.2810063504221645,1.4956324364219216,False,approach,38.0,0.0013426413366897094,0.00019180590524214836,0.00019180590524214836,0.0009590295262071891,0.00029659014262470307,0.00019180590524214836
0.1893493550014682,0.1879497225745581,9.539032567027718,1.2331201647974357,-0.8525062943465258,1.0875715266651405,1.228798406093763,-0.665858229783659,60,2.4,1.3335507011412433,1.5222005338717557,False,approach,38.0,0.0013426413366897094,0.00019180590524214836,0.00019180590524214836,0.0009590295262071891,0.00029659014262470307,0.00019180590524214836
0.1914347150013782,0.19013419025577605,9.648929255587923,1.2312021057450213,-0.8263218127717948,1.146532387273977,1.2275282994418169,-0.5510455968162021,60,2.4,1.3846362071732483,1.824870747274403,False,approach,38.0,0.0013426413366897094,0.00019180590524214836,0.00019180590524214836,0.0009590295262071891,0.00029659014262470307,0.00019180590524214836
0.19352215802064165,0.19215694686863571,9.736846606436108,1.2296676585030895,-0.7205767910276961,1.2208743419546817,1.2265043839761116,-0.4287300367608442,60,2.4,1.4374674617882175,1.9481032004099912,False,approach,38.0,0.0013426413366897094,0.00019180590524214836,0.00019180590524214836,0.0009590295262071891,0.00029659014262470307,0.00019180590524214836
0.19561418000375852,0.19431494805030525,9.802784619572273,1.2285168230716401,-0.6581368734264146,1.254627298390174,1.2257423101452691,-0.2985365065416697,60,2.4,1.4921381123034396,2.188708217244568,False,approach,38.0,0.0013426413366897094,0.00019180590524214836,0.00019180590524214836,0.0009590295262071891,0.00029659014262470307,0.00019180590524214836
0.19769992999499664,0.19640505558345467,9.868722632708335,1.2273659876401926,-0.5433279926756711,1.3046158541237514,1.2252617505850656,-0.16095559069212886,60,2.4,1.5483848785443048,2.3398244199971883,False,approach,38.0,0.0013426413366897094,0.00019180590524214836,0.00019180590524214836,0.0009590295262071891,0.00029659014262470307,0.00019180590524214836
0.1997832860215567,0.19851037446642295,9.912681308132479,1.2265987640192257,-0.38017853055619355,1.3046158541237514,1.2250764557418123,-0.015585538586997197,60,2.4,1.606323891628497,2.390008575709764,False,approach,38.0,0.0013426413366897094,0.00019180590524214836,0.00019180590524214836,0.0009590295262071891,0.00029659014262470307,0.00019180590524214836
0.20188064803369343,0.20055274746846408,9.95663998355652,1.2258315403982607,-0.2542915999084414,1.3024795910582139,1.2252001389551015,0.132185579575548,60,2.4,1.579204986314159,2.468866130486181,False,withdrawal,38.0,0.0013426413366897094,0.00019180590524214836,0.00019180590524214836,0.0009590295262071891,0.00029659014262470307,0.00019180590524214836
0.20399251900380477,0.20264421228785068,9.97861932126854,1.2254479285877782,-0.1837949187457042,1.385793850614176,1.225628996985967,0.2725507165755667,60,2.4,1.5425647393572453,2.6486583680196283,False,withdrawal,38.0,0.0013426413366897094,0.00019180590524214836,0.00019180590524214836,0.0009590295262071891,0.00029659014262470307,0.00019180590524214836
0.20612987800268456,0.2047049626125954,9.97861932126854,1.2254479285877782,-0.09617761501488076,1.3627222095063711,1.226355811907595,0.40615905682146397,60,2.4,1.5062323722630282,2.7663133838592664,False,withdrawal,38.0,0.0013426413366897094,0.00019180590524214836,0.00019180590524214836,0.0009590295262071891,0.00029659014262470307,0.00019180590524214836
0.2082339840126224,0.20695043506566435,9.95663998355652,1.2258315403982607,0.0800640878919694,1.3580224307621886,1.2273416924894487,0.5296302440586369,60,2.4,1.4712035543751387,2.64077145464642,False,withdrawal,38.0,0.0013426413366897094,0.00019180590524214836,0.00019180590524214836,0.0009590295262071891,0.00029659014262470307,0.00019180590524214836
0.21056198101723567,0.20900373498443514,9.934660645844499,1.2262151522087432,0.18782330052643204,1.370412756542306,1.2287249863987217,0.6572126374170664,60,2.4,1.4333021412943028,2.7104266012305365,False,withdrawal,38.0,0.0013426413366897094,0.00019180590524214836,0.00019180590524214836,0.0009590295262071891,0.00029659014262470307,0.00019180590524214836
0.21265840099658817,0.20900373498443514,9.934660645844499,1.2262151522087432,0.18782330052643204,1.370412756542306,1.2302162511905157,0.764244177696553,60,2.4,1.3765239558853608,3.0,True,withdrawal,38.0,0.0013426413366897094,0.00019180590524214836,0.00019180590524214836,0.0009590295262071891,0.00029659014262470307,0.00019180590524214836
0.21474239800591022,0.20900373498443514,9.934660645844499,1.2262151522087432,0.18782330052643204,1.370412756542306,1.2319135709165119,0.8634950320831476,60,2.4,1.0364827217977628,3.0,True,withdrawal,38.0,0.0013426413366897094,0.00019180590524214836,0.00019180590524214836,0.0009590295262071891,0.00029659014262470307,0.00019180590524214836
0.21682701603276655,0.21665171819040552,9.78080528186015,1.2289004348821244,0.5100938429846593,1.3199969481956213,1.2338110923080257,0.9558702494886043,60,2.4,1.3357682854143693,2.7002711065779117,False,withdrawal,38.0,0.0013426413366897094,0.00019180590524214836,0.00019180590524214836,0.0009590295262071891,0.00029659014262470307,0.00019180590524214836
0.21891478000907227,0.21760169236222282,9.736846606436108,1.2296676585030895,0.5674982833600382,1.3123064011596863,1.2358974502952396,1.0416833089886472,60,2.4,1.304713009054046,2.8165445780917144,False,withdrawal,38.0,0.0013426413366897094,0.00019180590524214836,0.00019180590524214836,0.0009590295262071891,0.00029659014262470307,0.00019180590524214836
0.22100694302935153,0.21965310163795948,9.670908593299945,1.2308184939345388,0.6601510643167785,1.3088883802548263,1.2381610859765153,1.1211677272922869,60,2.4,1.2743175540509863,2.821313067710797,False,withdrawal,38.0,0.0013426413366897094,0.00019180590524214836,0.00019180590524214836,0.0009590295262071891,0.00029659014262470307,0.00019180590524214836
0.223107832018286,0.22174384264508262,9.58299124245176,1.2323529411764707,0.6853284504463275,1.3383688105592437,1.2405948109118252,1.1946439388654,60,2.4,1.2445252991345654,2.9613946554616133,False,withdrawal,38.0,0.0013426413366897094,0.00019180590524214836,0.00019180590524214836,0.0009590295262071891,0.00029659014262470307,0.00019180590524214836
0.22521321999374777,0.2238471934106201,9.495073891603575,1.2338873884184025,0.7528038452735188,1.3229877164873738,1.2431820943524243,1.2621201706858542,60,2.4,1.2154022350385993,2.995443772069513,False,withdrawal,38.0,0.0013426413366897094,0.00019180590524214836,0.00019180590524214836,0.0009590295262071891,0.00029659014262470307,0.00019180590524214836
0.22732178401201963,0.22600641247117892,9.40715654075539,1.2354218356603344,0.8142366674296184,1.3148699168383313,1.245909344374813,1.323734422594695,60,2.4,1.1479548647350954,3.0,True,withdrawal,38.0,0.0013426413366897094,0.00019180590524214836,0.00019180590524214836,0.0009590295262071891,0.00029659014262470307,0.00019180590524214836
0.22944163001375273,0.2280936377355829,9.297259852195184,1.2373398947127487,0.8736552986953541,1.297352559700924,1.2487759718044993,1.3798754806101998,60,2.4,1.0989069378993381,3.0,True,withdrawal,38.0,0.0013426413366897094,0.00019180590524214836,0.00019180590524214836,0.0009590295262071891,0.00029659014262470307,0.00019180590524214836
0.2317472139839083,0.23020971519872546,9.187363163634977,1.2392579537651631,0.9431448844129093,1.2123292896925317,1.2520216983801236,1.434576839060449,60,2.4,1.0547386319482785,3.0,True,withdrawal,38.0,0.0009590295262071891,0.00019180590524214836,0.00019180590524214836,-0.00019180590524214836,-8.702166785959364e-05,-0.00019180590524214836
0.23394380701938644,0.23256318242056295,9.011528461938607,1.2423268482490268,1.1465781643396653,1.1114976729991621,1.255224647613234,1.4807675881983644,60,2.4,1.1024368313037627,2.678359410417073,False,withdrawal,38.0,0.0009590295262071891,0.00019180590524214836,0.00019180590524214836,-0.00019180590524214836,-8.702166785959364e-05,-0.00019180590524214836
0.23608610703377053,0.2347577377804555,8.879652435666278,1.2446285191119255,1.1395284962233916,1.050400549324788,1.2584403460817524,1.5204691194848514,60,2.4,1.0766288433803162,2.819595957397431,False,withdrawal,38.0,0.0009590295262071891,0.00019180590524214836,0.00019180590524214836,-0.00019180590524214836,-8.702166785959364e-05,-0.00019180590524214836
0.238258623983711,0.2368462274898775,8.703817733970011,1.2476974135957875,1.3772030212863342,0.9581139848935685,1.261782625659056,1.5555527426249118,60,2.4,1.0512211541194403,2.324373209128144,False,withdrawal,38.0,0.0009590295262071891,0.00019180590524214836,0.00019180590524214836,-0.00019180590524214836,-8.702166785959364e-05,-0.00019180590524214836
0.2403928780113347,0.23905041941907257,8.52798303227364,1.2507663080796512,1.4678416113527106,0.9217975127794311,1.2651349915208554,1.5851465454107496,60,2.4,1.0270075594289936,2.170660407640541,False,withdrawal,38.0,0.0009590295262071891,0.00019180590524214836,0.00019180590524214836,-0.00019180590524214836,-8.702166785959364e-05,-0.00019180590524214836
0.24252093897666782,0.2411063745385036,8.330168992865149,1.2542188143739992,1.5302815289539922,1.0200656137941557,1.2685355721886005,1.6100455858814657,60,2.4,1.0035979075080674,2.0540371130100814,False,withdrawal,38.0,0.0009590295262071891,0.00019180590524214836,0.00019180590524214836,-0.00019180590524214836,-8.702166785959364e-05,-0.00019180590524214836
0.2446446520043537,0.2433008683146909,8.132354953456757,1.2576713206683454,1.5312886243991741,1.0995345998321522,1.2719773253821725,1.6304986662280658,60,2.4,0.9809631499724292,2.0774275331913916,False,withdrawal,38.0,0.0009590295262071891,0.00019180590524214836,0.00019180590524214836,-0.00019180590524214836,-8.702166785959364e-05,-0.00019180590524214836
0.24674221500754356,0.2453941974672489,7.956520251760387,1.2607402151522091,1.6390478370336474,1.2401007095445191,1.2754149603148548,1.6465750164202468,60,2.4,0.9593165816682097,1.857866521954788,False,withdrawal,38.0,0.0009590295262071891,0.00019180590524214836,0.00019180590524214836,-0.00019180590524214836,-8.702166785959364e-05,-0.00019180590524214836
0.2488481350010261,0.2475618775933981,7.7367268746399755,1.2645763332570379,1.6440833142595572,1.2823987182421615,1.2788960367728928,1.6587726041107915,60,2.4,0.9382893485580506,1.8327258551523058,False,withdrawal,38.0,0.0009590295262071891,0.00019180590524214836,0.00019180590524214836,-0.00019180590524214836,-8.702166785959364e-05,-0.00019180590524214836
0.2509157690219581,0.24960114056011662,7.538912835231585,1.2680288395513841,1.8112611581597626,1.3447775997558562,1.282334968698769,1.6670767191774445,60,2.4,0.9183283665433615,1.430653461828894,False,withdrawal,38.0,0.0009590295262071891,0.00019180590524214836,0.00019180590524214836,-0.00019180590524214836,-8.702166785959364e-05,-0.00019180590524214836
0.25312668102560565,0.25164727540686727,7.3191194581110715,1.2718649576562147,1.7830624856946677,1.3251239795529113,1.2860270163112848,1.672119669774144,60,2.4,0.8977293739576664,1.481190135052618,False,withdrawal,38.0,0.0009590295262071891,0.00019180590524214836,0.00019180590524214836,-0.00019180590524214836,-8.702166785959364e-05,-0.00019180590524214836
0.255229533999227,0.253854405018501,7.077346743278639,1.276084687571526,1.8686655985351344,1.2678721293965065,1.2895451822382924,1.6734141922201422,60,2.4,0.8788471282914072,1.2178734331414138,False,withdrawal,38.0,0.0009590295262071891,0.00019180590524214836,0.00019180590524214836,-0.00019180590524214836,-8.702166785959364e-05,-0.00019180590524214836
0.25732898100977764,0.2560066474834457,6.857553366158125,1.2799208056763565,1.8747081712062261,1.1127794308384846,1.2930569377025085,1.6714706039838243,60,2.4,0.8606811641226644,1.1610789243580228,False,withdrawal,38.0,0.0009590295262071891,0.00019180590524214836,0.00019180590524214836,-0.00019180590524214836,-8.702166785959364e-05,-0.00019180590524214836
0.2594334669993259,0.2580487493542023,6.637759989037714,1.2837569237811852,1.8364385442893116,0.9824673838406959,1.2965697591763474,1.666441661319446,60,2.4,0.8431542178655667,1.203931822447621,False,withdrawal,38.0,0.0009590295262071891,0.00019180590524214836,0.00019180590524214836,-0.00019180590524214836,-8.702166785959364e-05,-0.00019180590524214836
0.2615255190175958,0.26015763892792165,6.4179666119173024,1.287593041886014,1.878736552986954,0.7991760128175791,1.3000482716241835,1.6585450002156479,60,2.4,0.8264030214180287,1.045257079057063,False,withdrawal,38.0,0.0009590295262071891,0.00019180590524214836,0.00019180590524214836,-0.00019180590524214836,-8.702166785959364e-05,-0.00019180590524214836
0.26364382199244574,0.26224811270367354,6.176193897084768,1.291812771801327,1.904921034561685,0.6744182497901896,1.3035506356305162,1.6477652864790815,60,2.4,0.8101189503675378,0.8972169847206403,False,withdrawal,38.0,0.0009590295262071891,0.00019180590524214836,0.00019180590524214836,-0.00019180590524214836,-8.702166785959364e-05,-0.00019180590524214836
0.26577679300680757,0.26450997625943273,5.934421182252234,1.29603250171664,1.9713893339436943,0.6735637445639746,1.3070513090138867,1.6342400291612238,60,2.4,0.7944048244814302,0.6463749308382957,False,withdrawal,38.0,0.0009590295262071891,0.00019180590524214836,0.00019180590524214836,-0.00019180590524214836,-8.702166785959364e-05,-0.00019180590524214836
0.26789143902715296,0.266592234140262,5.714627805131822,1.2998686198214688,1.8737010757610442,0.7103074692912195,1.3104907608931113,1.6183406623248895,60,2.4,0.7794957982565304,0.803959270308309,False,withdrawal,38.0,0.0009590295262071891,0.00019180590524214836,0.00019180590524214836,-0.00019180590524214836,-8.702166785959364e-05,-0.00019180590524214836
0.2699963460327126,0.2686400347738527,5.494834428011309,1.3037047379262994,1.952254520485237,0.8508735790035864,1.3138785192893296,1.6002021269749946,60,2.4,0.7653116995606992,0.5308128369179332,False,withdrawal,38.0,0.0009590295262071891,0.00019180590524214836,0.00019180590524214836,-0.00019180590524214836,-8.702166785959364e-05,-0.00019180590524214836
0.27210984902922064,0.27075076301116496,5.253061713178877,1.3079244678416106,1.8888075074387736,0.9418783855954835,1.3172393783760925,1.5798152519639395,60,2.4,0.7517218399003156,0.5690350588296254,False,withdrawal,38.0,0.0009590295262071891,0.00019180590524214836,0.00019180590524214836,-0.00019180590524214836,-8.702166785959364e-05,-0.00019180590524214836
0.27446617098757997,0.2728550785104744,5.033268336058363,1.3117605859464412,1.8193179217212183,1.052109559777218,1.3209328118618606,1.5546937399855676,60,2.4,0.7373326526408792,0.6525681714004838,False,withdrawal,38.0,0.0009590295262071891,0.00019180590524214836,0.00019180590524214836,-0.00019180590524214836,-8.702166785959364e-05,-0.00019180590524214836
0.2765845939866267,0.2728550785104744,5.033268336058363,1.3117605859464412,1.8193179217212183,1.052109559777218,1.3242005927124558,1.5301104939672052,60,2.4,0.7250741594588997,0.777376738810147,False,withdrawal,38.0,0.0009590295262071891,0.00019180590524214836,0.00019180590524214836,-0.00019180590524214836,-8.702166785959364e-05,-0.00019180590524214836
0.278764565999154,0.2728550785104744,5.033268336058363,1.3117605859464412,1.8193179217212183,1.052109559777218,1.3275069517431786,1.5029891655143592,60,2.4,0.713121467870921,0.8987144007787022,False,withdrawal,38.0,0.0009590295262071891,0.00019180590524214836,0.00019180590524214836,-0.00019180590524214836,-8.702166785959364e-05,-0.00019180590524214836
0.2808913349872455,0.28049240191467106,4.26399151613682,1.3251869993133436,1.7317006179903878,0.8423285267414364,1.3306738538041094,1.4748861944987168,60,2.4,0.7020995518274659,0.4149562048934038,False,withdrawal,38.0,0.0009590295262071891,0.00019180590524214836,0.00019180590524214836,-0.00019180590524214836,-8.702166785959364e-05,-0.00019180590524214836
0.28310374898137525,0.2816557804471813,4.154094827576615,1.327105058365758,1.72767223620966,0.7517509727626468,1.3339031106952288,1.4440733058066806,60,2.4,0.6912947970184308,0.4185405038195308,False,withdrawal,38.0,0.0009590295262071891,0.00019180590524214836,0.00019180590524214836,-0.00019180590524214836,-8.702166785959364e-05,-0.00019180590524214836
0.2852865059976466,0.2840542116900906,3.9123221127440804,1.331324788281071,1.7417715724422074,0.5432516975661859,1.337020673229463,1.4122369912927901,60,2.4,0.6812863579844822,0.23215646012939517,False,withdrawal,38.0,0.0009590295262071891,0.00019180590524214836,0.00019180590524214836,-0.00019180590524214836,-8.702166785959364e-05,-0.00019180590524214836
0.28736578399548307,0.28600877308053896,3.7145080733356894,1.3347772945754173,1.749828336003663,0.4838635843442436,1.3399245211902868,1.3807087004771452,60,2.4,0.6723455893844978,0.095292061013028,False,withdrawal,38.0,0.0009590295262071891,0.00019180590524214836,0.00019180590524214836,-0.00019180590524214836,-8.702166785959364e-05,-0.00019180590524214836
0.28944879898335785,0.28809898550389335,3.5166940339272985,1.3382298008697635,1.6309910734721917,0.44498359655146125,1.342766734227918,1.348065789037236,60,2.4,0.6639606048193091,0.25715592366468043,False,withdrawal,38.0,0.0009590295262071891,0.00019180590524214836,0.00019180590524214836,-0.00019180590524214836,-8.702166785959364e-05,-0.00019180590524214836
0.291522175015416,0.2902318054693751,3.3408593322309286,1.3412986953536272,1.4436713206683436,0.4783093003738461,1.3455272756558259,1.3146338755565568,60,2.4,0.6561742708165822,0.6001992206802121,False,withdrawal,38.0,0.0009590295262071891,0.00019180590524214836,0.00019180590524214836,-0.00019180590524214836,-8.702166785959364e-05,-0.00019180590524214836
0.29359605198260397,0.29226124950218946,3.1650246305345586,1.344367589837491,1.4789196612497122,0.5278706034943159,1.3482182629619213,1.2803638537354678,60,2.4,0.64893604268255,0.40344249211418315,False,withdrawal,38.0,0.0009590295262071891,0.00019180590524214836,0.00019180590524214836,-0.00019180590524214836,-8.702166785959364e-05,-0.00019180590524214836
0.29584916500607505,0.29429865774000064,2.9672105911261677,1.3478200961318372,1.5806363012130937,0.5979400320439456,1.3510603499287817,1.2423135651596944,60,2.4,0.6416851667253367,0.024125828013847106,False,withdrawal,38.0,-0.002493476768139047,0.00019180590524214836,0.00019180590524214836,-0.0013426413366897094,0.00029659014262470307,0.00019180590524214836
0.2979075430193916,0.2965988448704593,2.7913758894297978,1.350888990615701,1.457770656900891,0.7000534065766395,1.3535811642780662,1.2069147970634073,60,2.4,0.6356091280348194,0.19508548416677618,False,withdrawal,38.0,-0.002493476768139047,0.00019180590524214836,0.00019180590524214836,-0.0013426413366897094,0.00029659014262470307,0.00019180590524214836
0.3000003360211849,0.29863780445884913,2.615541187733428,1.3539578850995646,1.4869764248111679,0.7414969100480668,1.356068864557313,1.1704032209485389,60,2.4,0.6299582227669526,-0.003158699038459223,False,withdrawal,38.0,-0.002493476768139047,0.00019180590524214836,0.00019180590524214836,-0.0013426413366897094,0.00029659014262470307,0.00019180590524214836
0.3020928390324116,0.30075986811425537,2.439706486037058,1.3570267795834283,1.4013733119707013,0.8470283054856189,1.358479360827167,1.1334693660829072,60,2.4,0.6248291275734494,0.06901453206706587,False,withdrawal,38.0,-0.002493476768139047,0.00019180590524214836,0.00019180590524214836,-0.0013426413366897094,0.00029659014262470307,0.00019180590524214836
0.30418042303062975,0.30284165119519457,2.2858511220527085,1.3597120622568095,1.3016708628976872,0.8854810406652938,1.3608068166901897,1.0962913785497543,60,2.4,0.6202210364115487,0.1929955399793183,False,withdrawal,38.0,-0.002493476768139047,0.00019180590524214836,0.00019180590524214836,-0.0013426413366897094,0.00029659014262470307,0.00019180590524214836
0.3062927440041676,0.30501155147794634,2.131995758068461,1.362397344930189,1.257358663309681,0.940596627756161,1.3630825831164368,1.0584299378621422,60,2.4,0.6160650958206677,0.17975044592144784,False,withdrawal,38.0,-0.002493476768139047,0.00019180590524214836,0.00019180590524214836,-0.0013426413366897094,0.00029659014262470307,0.00019180590524214836
0.3084241520264186,0.3070681759272702,1.9781403940841118,1.3650826276035701,1.2150606546120386,0.9034256504158087,1.3652976698848716,1.0200714247846192,60,2.4,0.6123770691948869,0.15730545448716576,False,withdrawal,38.0,-0.002493476768139047,0.00019180590524214836,0.00019180590524214836,-0.0013426413366897094,0.00029659014262470307,0.00019180590524214836
0.31054901803145185,0.3091944417101331,1.8462643678118853,1.367384298466467,1.1636987869077586,0.829083695735104,1.3674244913661515,0.9817656553710887,60,2.4,0.6091942375579709,0.1749662958510324,False,withdrawal,38.0,-0.002493476768139047,0.00019180590524214836,0.00019180590524214836,-0.0013426413366897094,0.00029659014262470307,0.00019180590524214836
0.312655738031026,0.3113045549253002,1.7143883415395569,1.3696859693293657,1.1203936827649343,0.6966353856717795,1.3694528029318784,0.9438082721055266,60,2.4,0.6065137881264955,0.1687188186946808,False,withdrawal,38.0,-0.002493476768139047,0.00019180590524214836,0.00019180590524214836,-0.0013426413366897094,0.00029659014262470307,0.00019180590524214836
0.3147482009953819,0.3133960256818682,1.5825123152673302,1.3719876401922626,1.0347905699244677,0.6381017776760505,1.3713883249629368,0.9062091182165565,60,2.4,0.6043082160924526,0.2597538182339194,False,withdrawal,38.0,-0.002493476768139047,0.00019180590524214836,0.00019180590524214836,-0.0013426413366897094,0.00029659014262470307,0.00019180590524214836
0.3169388539972715,0.31555786600802094,1.4726156267071244,1.373905699244677,1.0055848020141909,0.5441062027924009,1.373330565246437,0.8670371270443866,60,2.4,0.6024740455578955,0.23545158573596225,False,withdrawal,38.0,-0.002493476768139047,0.00019180590524214836,0.00019180590524214836,-0.0013426413366897094,0.00029659014262470307,0.00019180590524214836
0.31903667701408267,0.31769176066154614,1.340739600434694,1.3762073701075774,1.0227054245822842,0.4548104066529337,1.3751103307273724,0.8297851567111729,60,2.4,0.6011603957608355,0.07232939005786843,False,withdrawal,38.0,-0.002493476768139047,0.00019180590524214836,0.00019180590524214836,-0.0013426413366897094,0.00029659014262470307,0.00019180590524214836
0.3211301820119843,0.3197911814786494,1.2308429118744884,1.3781254291599918,1.0337834744792858,0.39157701991302396,1.3768088544023187,0.7929348994932564,60,2.4,0.6002688281163281,-0.05676223731052876,False,withdrawal,38.0,-0.002493476768139047,0.00019180590524214836,0.00019180590524214836,-0.0013426413366897094,0.00029659014262470307,0.00019180590524214836
0.32321750500705093,0.32185481261694804,1.1209462233142826,1.3800434882124062,0.875669489585718,0.3501335164415966,1.3784259536519696,0.7565834048061765,60,2.4,0.599784506361664,0.21692582926457066,False,withdrawal,38.0,-0.002493476768139047,0.00019180590524214836,0.00019180590524214836,-0.0013426413366897094,0.00029659014262470307,0.00019180590524214836
0.3253055000095628,0.3240439420915209,1.0110495347540767,1.3819615472648206,0.8625772487983525,0.3056992446784168,1.3799681216613124,0.7206731776565947,60,2.4,0.5996915436816788,0.13951623673097252,False,withdrawal,38.0,-0.002493476768139047,0.00019180590524214836,0.00019180590524214836,-0.0013426413366897094,0.00029659014262470307,0.00019180590524214836
0.3273918110062368,0.32605402264744043,0.9011528461938709,1.383879606317235,0.8968184939345392,0.2860456244754719,1.3814346809475544,0.6853045968529382,60,2.4,0.599976846397632,-0.054352028779043216,False,withdrawal,38.0,-0.002493476768139047,0.00019180590524214836,0.00019180590524214836,-0.0013426413366897094,0.00029659014262470307,0.00019180590524214836
0.3294782420271076,0.3281004892778583,0.813235495345686,1.3854140535591668,0.8454566262302592,0.29117265583276186,1.3828281129280953,0.6505035814969622,60,2.4,0.6006270813761866,-0.022416663848018437,False,withdrawal,38.0,-0.002493476768139047,0.00019180590524214836,0.00019180590524214836,-0.0013426413366897094,0.00029659014262470307,0.00019180590524214836
0.33159772702492774,0.33021151315188035,0.7253181444975009,1.3869485008010987,0.7961089494163431,0.34158846417944666,1.3841699395923057,0.615790014401482,60,2.4,0.6016474699728415,0.0021683534095983115,False,withdrawal,38.0,-0.002493476768139047,0.00019180590524214836,0.00019180590524214836,-0.0013426413366897094,0.00029659014262470307,0.00019180590524214836
0.33371254400117323,0.33240625041071326,0.6154214559371933,1.3888665598535148,0.7810025177386137,0.37363241016250903,1.3854362048152125,0.5818474102721337,60,2.4,0.6030129195458511,-0.08078064067184232,False,withdrawal,38.0,-0.002493476768139047,0.00019180590524214836,0.00019180590524214836,-0.0013426413366897094,0.00029659014262470307,0.00019180590524214836
0.33580881397938356,0.33454837527824566,0.5494834428011309,1.3900173952849624,0.7669031815060663,0.42148470283054884,1.386621286913407,0.5489361074608861,60,2.4,0.6046945189505014,-0.12219296105125887,False,withdrawal,38.0,-0.002493476768139047,0.00019180590524214836,0.00019180590524214836,-0.0013426413366897094,0.00029659014262470307,0.00019180590524214836
0.33820668602129444,0.33659933268791065,0.46156609195294585,1.3915518425268942,0.6410162508583213,0.4770275425345236,1.387893364040426,0.512243464893544,60,2.4,0.6070001243279659,0.07843672882441066,False,withdrawal,38.0,-0.002493476768139047,0.00019180590524214836,0.00019180590524214836,-0.0013426413366897094,0.00029659014262470307,0.00019180590524214836
0.34034659998724237,0.33659933268791065,0.46156609195294585,1.3915518425268942,0.6410162508583213,0.4770275425345236,1.3889552998840928,0.48040642868623284,60,2.4,0.6093849349545029,0.06812880317340653,False,withdrawal,38.0,-0.002493476768139047,0.00019180590524214836,0.00019180590524214836,-0.0013426413366897094,0.00029659014262470307,0.00019180590524214836
0.34248066402506083,0.33659933268791065,0.46156609195294585,1.3915518425268942,0.6410162508583213,0.4770275425345236,1.3899474329045318,0.4495520903232267,60,2.4,0.6120542140189766,0.056275651393004944,False,withdrawal,38.0,-0.002493476768139047,0.00019180590524214836,0.00019180590524214836,-0.0013426413366897094,0.00029659014262470307,0.00019180590524214836
0.3446333130123094,0.34420996328117326,0.21979337712041164,1.3957715724422073,0.5111009384298484,0.6107576104371706,1.3908825050690683,0.4193730978675087,60,2.4,0.6150248865308429,0.10153402679288825,False,withdrawal,38.0,-0.002493476768139047,0.00019180590524214836,0.00019180590524214836,-0.0013426413366897094,0.00029659014262470307,0.00019180590524214836
0.3468252380262129,0.3455721939681098,0.17583470169637003,1.3965387960631723,0.4577248798351974,0.6218661783779655,1.391768978666643,0.3896535416212225,60,2.4,0.6183196127795494,0.16875935727424735,False,withdrawal,38.0,-0.002493476768139047,0.00019180590524214836,0.00019180590524214836,-0.0013426413366897094,0.00029659014262470307,0.00019180590524214836
0.3489708629786037,0.3477033730596304,0.13187602627222664,1.3973060196841391,0.3429159990844539,0.6663004501411471,1.392574729032634,0.36158042200874685,60,2.4,0.6217913552093316,0.38270853113732717,False,withdrawal,38.0,-0.002493476768139047,0.00019180590524214836,0.00019180590524214836,-0.0013426413366897094,0.00029659014262470307,0.00019180590524214836
0.35115785797825083,0.3497485184343532,0.08791735084818501,1.3980732433051042,0.28651865415426414,0.6697184710460071,1.3933351807590815,0.33403179930612664,60,2.4,0.6255633090008663,0.45531110460397345,False,withdrawal,38.0,-0.002493476768139047,0.00019180590524214836,0.00019180590524214836,-0.0013426413366897094,0.00029659014262470307,0.00019180590524214836
0.353301148978062,0.3520210955175571,0.06593801313606243,1.3984568551155885,0.28853284504462806,0.6637369344625021,1.3940231296511665,0.3081019358190778,60,2.4,0.6294707784722898,0.4104130684656492,False,withdrawal,38.0,-0.002493476768139047,0.00019180590524214836,0.00019180590524214836,-0.0013426413366897094,0.00029659014262470307,0.00019180590524214836
0.3554773739888333,0.35404257068876177,0.04395867542404162,1.398840466926071,0.18580910963606811,0.7252613107499819,1.3946659776603823,0.2828767536530239,60,2.4,0.6336336997853249,0.6161266894846937,False,withdrawal,38.0,-0.002493476768139047,0.00019180590524214836,0.00019180590524214836,-0.0013426413366897094,0.00029659014262470307,0.00019180590524214836
0.357618801004719,0.3563001905567944,0.02197933771202081,1.3992240787365535,0.08711375600823601,0.7799496452277417,1.395246144208494,0.259157112357413,60,2.4,0.6379042098344776,0.8121321933889325,False,withdrawal,38.0,-0.002493476768139047,0.00019180590524214836,0.00019180590524214836,-0.0013426413366897094,0.00029659014262470307,0.00019180590524214836
0.36016472801566124,0.3584088589414023,0.0,1.399607690547036,0.07804989700160547,0.7996032654306866,1.3958715422030012,0.23239814015759597,60,2.4,0.6431810224002708,0.78944790533256,False,withdrawal,38.0,0.0017262531471740061,0.00019180590524214836,0.00019180590524214836,0.0013426413366897094,0.00029659014262470307,0.00019180590524214836
0.36233998101670295,0.36105746391694993,0.0,1.399607690547036,0.11732661936369482,0.8521553368429089,1.3963533521995442,0.21078698555816053,60,2.4,0.6478393759347455,0.6768839539519497,False,withdrawal,38.0,0.0017262531471740061,0.00019180590524214836,0.00019180590524214836,0.0013426413366897094,0.00029659014262470307,0.00019180590524214836
0.3645195420249365,0.36315010563703254,-0.021979337712122585,1.3999913023575203,0.032730601968410156,0.8730907148851763,1.396790233574437,0.190296834125512,60,2.4,0.6526246713338105,0.8387195015258607,False,withdrawal,38.0,0.0017262531471740061,0.00019180590524214836,0.00019180590524214836,0.0013426413366897094,0.00029659014262470307,0.00019180590524214836
0.3667396110249683,0.36533740494633093,0.0,1.399607690547036,0.03978027008469098,0.9209430075532161,1.3971906464618766,0.170626210243245,60,2.4,0.6575993794241113,0.8266069906950761,False,withdrawal,38.0,0.0017262531471740061,0.00019180590524214836,0.00019180590524214836,0.0013426413366897094,0.00029659014262470307,0.00019180590524214836
0.36891491297865286,0.3676046894979663,0.0,1.399607690547036,-0.014602883955134871,0.9316243228809036,1.3975419131371856,0.152526170149084,60,2.4,0.6625516049186437,0.9397146901777402,False,withdrawal,38.0,0.0017262531471740061,0.00019180590524214836,0.00019180590524214836,0.0013426413366897094,0.00029659014262470307,0.00019180590524214836
0.37104667199309915,0.3696700897417031,-0.021979337712122585,1.3999913023575203,0.002517738612951348,0.9158159761959261,1.3978491557763064,0.13591120203196658,60,2.4,0.6674595941553035,0.8590751114881049,False,withdrawal,38.0,0.0017262531471740061,0.00019180590524214836,0.00019180590524214836,0.0013426413366897094,0.00029659014262470307,0.00019180590524214836
0.37314086803235114,0.3718014316400513,0.0,1.399607690547036,-0.01057450217440703,0.9128252079041737,1.3981176297052502,0.12066359702640674,60,2.4,0.6723149839102818,0.8978827714850854,False,withdrawal,38.0,0.0017262531471740061,0.00019180590524214836,0.00019180590524214836,0.0013426413366897094,0.00029659014262470307,0.00019180590524214836
0.3752652030088939,0.3739582955604419,0.0,1.399607690547036,-0.017624170290687857,0.9572594796673535,1.3983584842873822,0.10627376624940954,60,2.4,0.677255183939627,0.8996578560566293,False,withdrawal,38.0,0.0017262531471740061,0.00019180590524214836,0.00019180590524214836,0.0013426413366897094,0.00029659014262470307,0.00019180590524214836
0.3773790370323695,0.3760267833713442,0.0,1.399607690547036,-0.032730601968410156,0.955977721828031,1.398568933617882,0.09301779182926104,60,2.4,0.6821663162771092,0.9216370456422731,False,withdrawal,38.0,0.0017262531471740061,0.00019180590524214836,0.00019180590524214836,0.0013426413366897094,0.00029659014262470307,0.00019180590524214836
0.37949191901134327,0.3781524353544228,0.0,1.399607690547036,-0.07905699244678033,0.9581139848935685,1.3987523904643733,0.08080976963710845,60,2.4,0.6870507724834809,1.0194129965250478,False,withdrawal,38.0,0.0017262531471740061,0.00019180590524214836,0.00019180590524214836,0.0013426413366897094,0.00029659014262470307,0.00019180590524214836
0.38171608600532636,0.3802556697628461,0.0,1.399607690547036,0.01661707484549879,0.956832227054246,1.3989188526157532,0.06906155119298676,60,2.4,0.6921440201625981,0.7766804875195996,False,withdrawal,38.0,0.0017262531471740061,0.00019180590524214836,0.00019180590524214836,0.0013426413366897094,0.00029659014262470307,0.00019180590524214836
0.38384431798476726,0.38250001991400495,0.0,1.399607690547036,-0.014602883955134871,0.9256427862973986,1.399054792441918,0.0588537100712494,60,2.4,0.6969495394814601,0.840071478837706,False,withdrawal,38.0,0.0017262531471740061,0.00019180590524214836,0.00019180590524214836,0.0013426413366897094,0.00029659014262470307,0.00019180590524214836
0.38592994801001623,0.38465012004598975,0.02197933771202081,1.3992240787365535,0.011581597619596096,0.9243610284580761,1.3991679404672974,0.04980371002858621,60,2.4,0.7015737358369177,0.789938509463128,False,withdrawal,38.0,0.0017262531471740061,0.00019180590524214836,0.00019180590524214836,0.0013426413366897094,0.00029659014262470307,0.00019180590524214836
0.3881329440046102,0.38680353708332404,0.02197933771202081,1.3992240787365535,-0.011581597619596096,0.8722362096589613,1.3992680374823538,0.041236770072319094,60,2.4,0.7063443125510944,0.8357459197597101,False,withdrawal,38.0,0.0017262531471740061,0.00019180590524214836,0.00019180590524214836,0.0013426413366897094,0.00029659014262470307,0.00019180590524214836
0.3902601840090938,0.38884837029036134,0.02197933771202081,1.3992240787365535,-0.11128404669260306,0.8782177462424663,1.3993477918436121,0.033896644049400605,60,2.4,0.7108178108054768,1.0666742550098023,False,withdrawal,38.0,0.0017262531471740061,0.00019180590524214836,0.00019180590524214836,0.0013426413366897094,0.00029659014262470307,0.00019180590524214836
0.3924143760232255,0.3910118775675073,0.02197933771202081,1.3992240787365535,-0.045822842755782744,0.8837720302128638,1.3994136108375277,0.02735772072512158,60,2.4,0.7151922129495801,0.9021974913622005,False,withdrawal,38.0,0.0017262531471740061,0.00019180590524214836,0.00019180590524214836,0.0013426413366897094,0.00029659014262470307,0.00019180590524214836
0.39459327602526173,0.39315206452738494,0.02197933771202081,1.3992240787365535,-0.03877317463950192,0.8560006103608764,1.3994668098429377,0.02161562496707918,60,2.4,0.7194340117227719,0.8789309971616172,False,withdrawal,38.0,0.0017262531471740061,0.00019180590524214836,0.00019180590524214836,0.0013426413366897094,0.00029659014262470307,0.00019180590524214836
0.3967562150210142,0.3955066649359651,0.0,1.399607690547036,0.011581597619596096,0.8841992828259713,1.3995081427731877,0.016735664710044628,60,2.4,0.7234393315292609,0.7298362261154363,False,withdrawal,38.0,0.0017262531471740061,0.00019180590524214836,0.00019180590524214836,0.0013426413366897094,0.00029659014262470307,0.00019180590524214836
0.39887131098657846,0.3975533521734178,0.02197933771202081,1.3992240787365535,-0.026688029297318394,0.8495918211642639,1.3995391531219525,0.012705265608055476,60,2.4,0.7271352671036844,0.8405836380005225,False,withdrawal,38.0,0.0017262531471740061,0.00019180590524214836,0.00019180590524214836,0.0013426413366897094,0.00029659014262470307,0.00019180590524214836
0.400988542009145,0.3996571216848679,0.0,1.399607690547036,0.01057450217440703,0.833356221866179,1.3995623897150165,0.009354305119094438,60,2.4,0.7305935777047188,0.7249470548507932,False,withdrawal,38.0,0.0017262531471740061,0.00019180590524214836,0.00019180590524214836,0.0013426413366897094,0.00029659014262470307,0.00019180590524214836
0.40330269298283383,0.4017100937780924,0.02197933771202081,1.3992240787365535,-0.01057450217440703,0.8730907148851763,1.3995804924436894,0.006410270979237157,60,2.4,0.7340704128606464,0.7962186908575469,False,withdrawal,38.0,0.0017262531471740061,0.00019180590524214836,0.00019180590524214836,0.0013426413366897094,0.00029659014262470307,0.00019180590524214836
0.4054069090052508,0.4017100937780924,0.02197933771202081,1.3992240787365535,-0.01057450217440703,0.8730907148851763,1.3995916925497263,0.004323653459172647,60,2.4,0.7369323720780421,0.7947447743889977,False,withdrawal,38.0,0.0017262531471740061,0.00019180590524214836,0.00019180590524214836,0.0013426413366897094,0.00029659014262470307,0.00019180590524214836
0.40750004298752174,0.4017100937780924,0.02197933771202081,1.3992240787365535,-0.01057450217440703,0.8730907148851763,1.3995990091941208,0.0027449706711686742,60,2.4,0.7394728001924712,0.7939353624758917,False,withdrawal,38.0,0.0017262531471740061,0.00019180590524214836,0.00019180590524214836,0.0013426413366897094,0.00029659014262470307,0.00019180590524214836
0.40953772998182103,0.4095058541861363,0.02197933771202081,1.3992240787365535,-0.0045319295033152684,0.838483253223469,1.3996033970093908,0.0016253016158989714,60,2.4,0.7416305448007267,0.7791669958570803,False,withdrawal,38.0,0.0017262531471740061,0.00019180590524214836,0.00019180590524214836,0.0013426413366897094,0.00029659014262470307,0.00019180590524214836
0.41163478197995573,0.41025050240568817,0.02197933771202081,1.3992240787365535,-0.002517738612951348,0.8436102845807589,1.3996059218648007,0.0008390982150360574,60,2.4,0.7435036182655598,0.7744706143475607,False,withdrawal,38.0,0.0017262531471740061,0.00019180590524214836,0.00019180590524214836,0.0013426413366897094,0.00029659014262470307,0.00019180590524214836
0.4137286380282603,0.4124081914196722,0.02197933771202081,1.3992240787365535,-0.0005035477225874274,0.8812085145342188,1.3996071274472286,0.00035706088902747786,60,2.4,0.7449989472596177,0.7700473305679978,False,withdrawal,38.0,0.0017262531471740061,0.00019180590524214836,0.00019180590524214836,0.0013426413366897094,0.00029659014262470307,0.00019180590524214836
0.41581513901473954,0.4145091049722396,0.04395867542404162,1.398840466926071,-0.03978027008469098,0.8747997253376063,1.3996075780292858,0.00010713194097299417,60,2.4,0.7460929317312242,0.8878493627857065,False,withdrawal,38.0,0.0017262531471740061,0.00019180590524214836,0.00019180590524214836,0.0013426413366897094,0.00029659014262470307,0.00019180590524214836
0.41790448600659147,0.41659712261753157,0.04395867542404162,1.398840466926071,-0.09114213778896385,0.8833447775997563,1.3996076834185565,1.3581002397425577e-05,60,2.4,0.7467685187945645,1.0115752334429589,False,withdrawal,38.0,0.0017262531471740061,0.00019180590524214836,0.00019180590524214836,0.0013426413366897094,0.00029659014262470307,0.00019180590524214836
0.4199936130316928,0.41866010980447754,0.04395867542404162,1.398840466926071,-0.043808651865418824,0.8730907148851763,1.399607690547036,3.774758283725532e-13,60,2.4,0.7469999978118044,0.8981741795476178,False,withdrawal,38.0,0.0017262531471740061,0.00019180590524214836,0.00019180590524214836,0.0013426413366897094,0.00029659014262470307,0.00019180590524214836
0.4220902639790438,0.42075039364863187,0.06593801313606243,1.3984568551155885,-0.02970931563287138,0.9008621347371637,1.399607690547036,0,40,1.8,1.0106457107289868,1.1101558961260578,False,settling,38.0,0.0017262531471740061,0.00019180590524214836,0.00019180590524214836,0.0013426413366897094,0.00029659014262470307,0.00019180590524214836
0.42438935599057004,0.4228459266014397,0.06593801313606243,1.3984568551155885,-0.049851224536510585,0.9239337758449686,1.399607690547036,0,40,1.8,1.0107838109807605,1.1465494324043821,False,settling,38.0,0.0017262531471740061,0.0005754177157246687,0.00019180590524214836,0.0009590295262071891,0.00029659014262470307,0.00019180590524214836
0.4264691540156491,0.4251646539196372,0.06593801313606243,1.3984568551155885,-0.019638361181051778,0.944014648661021,1.399607690547036,0,40,1.8,1.0109219112325343,1.09230437861633,False,settling,38.0,0.0017262531471740061,0.0005754177157246687,0.00019180590524214836,0.0009590295262071891,0.00029659014262470307,0.00019180590524214836
0.428546057024505,0.42719854990718886,0.06593801313606243,1.3984568551155885,0.0045319295033152684,0.949141680018311,1.399607690547036,0,40,1.8,1.011060011484308,1.048935955636243,False,settling,38.0,0.0017262531471740061,0.0005754177157246687,0.00019180590524214836,0.0009590295262071891,0.00029659014262470307,0.00019180590524214836
0.43063024402363226,0.42925406771246344,0.06593801313606243,1.3984568551155885,-0.019638361181051778,0.9700770580605784,1.399607690547036,0,40,1.8,1.0111981117360818,1.0925805791198775,False,settling,38.0,0.0017262531471740061,0.0005754177157246687,0.00019180590524214836,0.0009590295262071891,0.00029659014262470307,0.00019180590524214836
0.43270881101489067,0.43140773964114487,0.06593801313606243,1.3984568551155885,0.01661707484549879,0.9717860685130084,1.399607690547036,0,40,1.8,1.0113362119878553,1.02745889452386,False,settling,38.0,0.0017262531471740061,0.0005754177157246687,0.00019180590524214836,0.0009590295262071891,0.00029659014262470307,0.00019180590524214836
0.4347890100325458,0.4335004726308398,0.06593801313606243,1.3984568551155885,0.026688029297318394,0.964522774090181,1.399607690547036,0,40,1.8,1.011474312239629,1.0094692767623585,False,settling,38.0,0.0017262531471740061,0.0005754177157246687,0.00019180590524214836,0.0009590295262071891,0.00029659014262470307,0.00019180590524214836
0.4368775350158103,0.4355915252235718,0.06593801313606243,1.3984568551155885,-0.017624170290687857,0.9739223315785459,1.399607690547036,0,40,1.8,1.0116124124914032,1.0893693362725436,False,settling,38.0,0.0017262531471740061,0.0005754177157246687,0.00019180590524214836,0.0009590295262071891,0.00029659014262470307,0.00019180590524214836
0.4390429590130225,0.4376040177885443,0.04395867542404162,1.398840466926071,0.06092927443350504,0.9756313420309759,1.399607690547036,0,40,1.8,1.011704479325919,0.9327207301842114,False,settling,38.0,0.0017262531471740061,0.0005754177157246687,0.00019180590524214836,0.0009590295262071891,0.00029659014262470307,0.00019180590524214836
0.4411474550142884,0.4397945115342736,0.04395867542404162,1.398840466926071,0.014602883955134871,0.961959258411536,1.399607690547036,0,40,1.8,1.0117965461604348,1.0162002998797937,False,settling,38.0,0.0017262531471740061,0.0005754177157246687,0.00019180590524214836,0.0009590295262071891,0.00029659014262470307,0.00019180590524214836
0.4432567210169509,0.44196168577764183,0.04395867542404162,1.398840466926071,0.034744792858774076,0.9773403524834059,1.399607690547036,0,40,1.8,1.0118886129949507,0.980036930687759,False,settling,38.0,0.0017262531471740061,0.0005754177157246687,0.00019180590524214836,0.0009590295262071891,0.00029659014262470307,0.00019180590524214836
0.4454385759891011,0.44404929521260783,0.04395867542404162,1.398840466926071,0.014602883955134871,0.9816128786144809,1.399607690547036,0,40,1.8,1.0119806798294666,1.0163844335488255,False,settling,38.0,0.0017262531471740061,0.0005754177157246687,0.00019180590524214836,0.0009590295262071891,0.00029659014262470307,0.00019180590524214836
0.4475433229818009,0.4461997163016349,0.04395867542404162,1.398840466926071,0.04280155642022976,0.9871671625848784,1.399607690547036,0,40,1.8,1.0120727466639825,0.9657188899461706,False,settling,38.0,0.0017262531471740061,0.0005754177157246687,0.00019180590524214836,0.0009590295262071891,0.00029659014262470307,0.00019180590524214836
0.4496924949926324,0.44830165652092546,0.02197933771202081,1.3992240787365535,0.01661707484549879,0.9978484779125658,1.399607690547036,0,40,1.8,1.0121187800812401,0.9975525177786433,False,settling,38.0,0.0017262531471740061,0.0005754177157246687,0.00019180590524214836,0.0009590295262071891,0.00029659014262470307,0.00019180590524214836
0.45181002700701356,0.4505443887319416,0.02197933771202081,1.3992240787365535,0.09517051956969169,0.9995574883649958,1.399607690547036,0,40,1.8,1.0121648134984982,0.856202350692354,False,settling,38.0,0.0017262531471740061,0.0005754177157246687,0.00019180590524214836,0.0009590295262071891,0.00029659014262470307,0.00019180590524214836
0.4539931950275786,0.45260506245540455,0.02197933771202081,1.3992240787365535,0.06999313344014979,0.9922941939421683,1.399607690547036,0,40,1.8,1.0122108469157558,0.9015676791427872,False,settling,38.0,0.0017262531471740061,0.0005754177157246687,0.00019180590524214836,0.0009590295262071891,0.00029659014262470307,0.00019180590524214836
0.4561123590101488,0.45480110769858584,0.02197933771202081,1.3992240787365535,0.06898603799496072,0.9875944151979859,1.399607690547036,0,40,1.8,1.0122568803330139,0.9034264843613854,False,settling,38.0,0.0017262531471740061,0.0005754177157246687,0.00019180590524214836,0.0009590295262071891,0.00029659014262470307,0.00019180590524214836
0.4581968570128083,0.45684734149836004,0.02197933771202081,1.3992240787365535,0.03575188830396314,0.9807583733882659,1.399607690547036,0,40,1.8,1.0123029137502717,0.9632939872224389,False,settling,38.0,0.0017262531471740061,0.0005754177157246687,0.00019180590524214836,0.0009590295262071891,0.00029659014262470307,0.00019180590524214836
0.46028016199124977,0.4590176172205247,0.02197933771202081,1.3992240787365535,0.07502861066605249,0.959395742732891,1.399607690547036,0,40,1.8,1.0123489471675295,0.8926419203879359,False,settling,38.0,0.0017262531471740061,0.0005754177157246687,0.00019180590524214836,0.0009590295262071891,0.00029659014262470307,0.00019180590524214836
0.46236787602538243,0.46101665700552985,0.02197933771202081,1.3992240787365535,-0.01661707484549879,0.9905851834897383,1.399607690547036,0,40,1.8,1.0123949805847876,1.057650187725986,False,settling,38.0,0.0017262531471740061,0.0005754177157246687,0.00019180590524214836,0.0009590295262071891,0.00029659014262470307,0.00019180590524214836
