time,sample_at,depth_deg,position,velocity,feedback_torque,command_position,command_velocity,kp,kd,feedforward_torque,estimated_torque,limited,phase,temperature_c,held_j1,held_j2,held_j3,held_j4,held_j5,held_j6
9.828945621848106e-06,-0.0013354202965274453,-0.02197933771202081,1.399607690547036,-0.0035248340581404136,0.8970168612191962,1.3992240787365509,-8.308892368239196e-10,60,2.4,0.718260543043618,0.7037034341599098,False,approach,29.0,-0.00019180590524214836,0.00019180590524214836,0.00019180590524214836,-0.00019180590524214836,-8.702166785959364e-05,0.00019180590524214836
0.002093618968501687,0.0007396538858301938,-0.02197933771202081,1.399607690547036,-0.0800640878919694,0.9081254291599912,1.399224042406441,-5.683045062702535e-05,60,2.4,0.717750441161275,0.8867489705847971,False,approach,29.0,-0.00019180590524214836,0.00019180590524214836,0.00019180590524214836,-0.00019180590524214836,-8.702166785959364e-05,0.00019180590524214836
0.004266562988050282,0.002852029982022941,-0.02197933771202081,1.399607690547036,-0.013595788509960016,0.8683909361409938,1.3992236843594277,-0.00031690181728057017,60,2.4,0.7167540431075722,0.725582999913501,False,approach,29.0,0.0009590295262071891,0.00019180590524214836,0.00019180590524214836,0.0005754177157246687,0.00029659014262470307,0.00019180590524214836
0.006376493955031037,0.004980890371371061,-0.02197933771202081,1.399607690547036,-0.032730601968410156,0.8521553368429089,1.3992224860213065,-0.0008789670661946749,60,2.4,0.7153452246305307,0.7686768768520753,False,approach,29.0,0.0009590295262071891,0.00019180590524214836,0.00019180590524214836,0.0005754177157246687,0.00029659014262470307,0.00019180590524214836
0.008475584967527539,0.00723230536095798,-0.02197933771202081,1.399607690547036,0.030716411078046235,0.826520180056459,1.3992197057569262,-0.001846289486549433,60,2.4,0.7135248226253397,0.612095253863721,False,approach,29.0,0.0009590295262071891,0.00019180590524214836,0.00019180590524214836,0.0005754177157246687,0.00029659014262470307,0.00019180590524214836
0.010562209994532168,0.009279339108616114,-0.02197933771202081,1.399607690547036,-0.02568093385214354,0.8414740215152214,1.3992144223793355,-0.0033087887263509685,60,2.4,0.7113139794950852,0.7414110377349526,False,approach,29.0,0.0009590295262071891,0.00019180590524214836,0.00019180590524214836,0.0005754177157246687,0.00029659014262470307,0.00019180590524214836
0.012648965988773853,0.011278734949883074,0.0,1.3992240787365535,-0.007553215838868255,0.8401922636758989,1.3992054855511757,-0.005362311099037381,60,2.4,0.708716024284397,0.7128586045373243,False,approach,29.0,0.0009590295262071891,0.00019180590524214836,0.00019180590524214836,0.0005754177157246687,0.00029659014262470307,0.00019180590524214836
0.014754067989997566,0.013382974138949066,0.0,1.3992240787365535,-0.02366674296177962,0.7983215075913641,1.3991914230260738,-0.008119982394747408,60,2.4,0.7057168672332632,0.7410697499653571,False,approach,29.0,0.0009590295262071891,0.00019180590524214836,0.00019180590524214836,0.0005754177157246687,0.00029659014262470307,0.00019180590524214836
0.016858969000168145,0.0154794916161336,-0.02197933771202081,1.399607690547036,-0.0005035477225874274,0.8017395284962241,1.3991707595511442,-0.011648874376728536,60,2.4,0.7023523115781697,0.6493876678547222,False,approach,29.0,0.0009590295262071891,0.00019180590524214836,0.00019180590524214836,0.0005754177157246687,0.00029659014262470307,0.00019180590524214836
0.019039397942833602,0.01767412677872926,0.0,1.3992240787365535,-0.032730601968410156,0.7970397497520416,1.3991405709894198,-0.016200204108271894,60,2.4,0.6984971974378361,0.7331596874741443,False,approach,29.0,0.0009590295262071891,0.00019180590524214836,0.00019180590524214836,0.0005754177157246687,0.00029659014262470307,0.00019180590524214836
0.021155190945137292,0.0198292622808367,0.0,1.3992240787365535,-0.021652552071415698,0.7769588769359892,1.3991007924031629,-0.021562542248594573,60,2.4,0.6944123953705658,0.6872312389418976,False,approach,29.0,0.0009590295262071891,0.00019180590524214836,0.00019180590524214836,0.0005754177157246687,0.00029659014262470307,0.00019180590524214836
0.023268668970558792,0.021981300436891615,0.0,1.3992240787365535,-0.02366674296177962,0.7833676661326017,1.3990486868702847,-0.02791679207559913,60,2.4,0.6900098523450657,0.6692862224957707,False,approach,29.0,0.0009590295262071891,0.00019180590524214836,0.00019180590524214836,0.0005754177157246687,0.00029659014262470307,0.00019180590524214836
0.025458154967054725,0.024079433002043515,0.0,1.3992240787365535,0.08207827878233331,0.7756771190966667,1.3989793473221566,-0.03561652103873414,60,2.4,0.6851267668554917,0.38797536242111225,False,approach,29.0,0.0009590295262071891,0.00019180590524214836,0.00019180590524214836,0.0005754177157246687,0.00029659014262470307,0.00019180590524214836
0.02753620396833867,0.02623166237026453,0.02197933771202081,1.398840466926071,-0.02970931563287138,0.7872129396505692,1.3988967824737795,-0.044031210953266516,60,2.4,0.6802056527467026,0.6492120368402621,False,approach,29.0,0.0009590295262071891,0.00019180590524214836,0.00019180590524214836,0.0005754177157246687,0.00029659014262470307,0.00019180590524214836
0.029621637950185686,0.028284873580560088,0.02197933771202081,1.398840466926071,-0.01057450217440703,0.7748226138704517,1.3987951732792125,-0.05360811460559193,60,2.4,0.6750032322757741,0.569004943629423,False,approach,29.0,0.0009590295262071891,0.00019180590524214836,0.00019180590524214836,0.0005754177157246687,0.00029659014262470307,0.00019180590524214836
0.03172029694542289,0.030375606787856668,0.02197933771202081,1.398840466926071,0.01057450217440703,0.7547417410543993,1.3986715202363786,-0.06443390596537694,60,2.4,0.6695181463784169,0.4793611654613935,False,approach,29.0,0.0009590295262071891,0.00019180590524214836,0.00019180590524214836,0.0005754177157246687,0.00029659014262470307,0.00019180590524214836
0.03380436799488962,0.03242758131818846,0.02197933771202081,1.398840466926071,-0.11833371480888388,0.7577325093461518,1.3985249784297211,-0.07640137769911694,60,2.4,0.6638407798564211,0.7455490791388689,False,approach,29.0,0.0009590295262071891,0.00019180590524214836,0.00019180590524214836,0.0005754177157246687,0.00029659014262470307,0.00019180590524214836
0.03588775696698576,0.03457824274664745,0.04395867542404162,1.3984568551155885,-0.1203479056992478,0.7278248264286269,1.3983522647888353,-0.08960897102147997,60,2.4,0.6579535792912355,0.72545160291269,False,approach,29.0,0.0009590295262071891,0.00019180590524214836,0.00019180590524214836,0.0005754177157246687,0.00029659014262470307,0.00019180590524214836
0.037969903962221,0.03667555010179058,0.04395867542404162,1.3984568551155885,-0.01057450217440703,0.6940718699931345,1.3981508446449171,-0.1040779514630612,60,2.4,0.6518765770604489,0.40910767052739727,False,approach,29.0,0.0009590295262071891,0.00019180590524214836,0.00019180590524214836,0.0005754177157246687,0.00029659014262470307,0.00019180590524214836
0.040056268975604326,0.03873082419158891,0.04395867542404162,1.3984568551155885,-0.05488670176241328,0.7103074692912195,1.3979174525227023,-0.11987030478527608,60,2.4,0.645612060263562,0.4572872574355189,False,approach,29.0,0.0009590295262071891,0.00019180590524214836,0.00019180590524214836,0.0005754177157246687,0.00029659014262470307,0.00019180590524214836
0.04213584098033607,0.040777691116090864,0.06593801313616421,1.3980732433051042,-0.0800640878919694,0.703044174868392,1.3976506763410157,-0.13691624392569848,60,2.4,0.63921239049641,0.4774131981701508,False,approach,29.0,0.0009590295262071891,0.00019180590524214836,0.00019180590524214836,0.0005754177157246687,0.00029659014262470307,0.00019180590524214836
0.04421968094538897,0.042881210043560714,0.06593801313616421,1.3980732433051042,-0.15257495994507053,0.691935606927597,1.3973464247003082,-0.15531475484387355,60,2.4,0.6326632430338749,0.5824786189889904,False,approach,29.0,0.0009590295262071891,0.00019180590524214836,0.00019180590524214836,0.0005754177157246687,0.00029659014262470307,0.00019180590524214836
0.046583848947193474,0.04498254327336326,0.08791735084818501,1.3976896314946217,-0.07804989700160547,0.6560463874265654,1.3969530006627677,-0.177791968466267,60,2.4,0.6250929661286869,0.34151414470226316,False,approach,29.0,0.0009590295262071891,0.00019180590524214836,0.00019180590524214836,0.0005754177157246687,0.00029659014262470307,0.00019180590524214836
0.0486988999764435,0.04498254327336326,0.08791735084818501,1.3976896314946217,-0.07804989700160547,0.6560463874265654,1.3965544085709567,-0.19934517210566266,60,2.4,0.6182174458834387,0.25899541021380335,False,approach,29.0,0.0009590295262071891,0.00019180590524214836,0.00019180590524214836,0.0005754177157246687,0.00029659014262470307,0.00019180590524214836
0.05081853998126462,0.04498254327336326,0.08791735084818501,1.3976896314946217,-0.07804989700160547,0.6560463874265654,1.3961077727384337,-0.22230742710010007,60,2.4,0.6112521413676251,0.1701225437599585,False,approach,29.0,0.0009590295262071891,0.00019180590524214836,0.00019180590524214836,0.0005754177157246687,0.00029659014262470307,0.00019180590524214836
0.05292508495040238,0.05268408951815218,0.1538553639843492,1.3965387960631723,-0.12840466926070349,0.635111009384298,1.3956142583385087,-0.24646724565260825,60,2.4,0.6042776734956481,0.26545522667526006,False,approach,29.0,0.0009590295262071891,0.00019180590524214836,0.00019180590524214836,0.0005754177157246687,0.00029659014262470307,0.00019180590524214836
0.055232150945812464,0.0537006207741797,0.1538553639843492,1.3965387960631723,-0.2039368276493434,0.6056305790798806,1.3950136779488425,-0.2744382565004185,60,2.4,0.5966061445751983,0.33589562847282595,False,approach,29.0,0.0009590295262071891,0.00019180590524214836,0.00019180590524214836,0.0005754177157246687,0.00029659014262470307,0.00019180590524214836
0.05742876196745783,0.05627604288747534,0.19781403940839082,1.3957715724422073,-0.22307164110780775,0.6111848630502781,1.394380265212765,-0.3025116653753057,60,2.4,0.58929629907597,0.31516180706743996,False,approach,29.0,0.0009590295262071891,0.00019180590524214836,0.00019180590524214836,0.0005754177157246687,0.00029659014262470307,0.00019180590524214836
0.059516518958844244,0.058231591479852796,0.21979337712041164,1.3953879606317248,-0.217029068436716,0.5488059815365833,1.3937197253661684,-0.330467064302531,60,2.4,0.5823681051498433,0.21002279913850497,False,approach,29.0,0.0009590295262071891,0.00019180590524214836,0.00019180590524214836,0.0005754177157246687,0.00029659014262470307,0.00019180590524214836
0.061602453992236406,0.060278128657955676,0.24177271483253424,1.3950043488212405,-0.22609292744334653,0.5646143282215608,1.393000210668366,-0.3596032174201586,60,2.4,0.5754883229607957,0.13481533784398458,False,approach,29.0,0.0009590295262071891,0.00019180590524214836,0.00019180590524214836,0.0005754177157246687,0.00029659014262470307,0.00019180590524214836
0.06368811795255169,0.06232938211178407,0.263752052544555,1.394620737010758,-0.2321355001144383,0.5274433508812084,1.392218802451212,-0.3899011459546318,60,2.4,0.5686752555289709,0.045921631939755514,False,approach,29.0,0.0009590295262071891,0.00019180590524214836,0.00019180590524214836,0.0005754177157246687,0.00029659014262470307,0.00019180590524214836
0.06578124599764124,0.06443116476293653,0.30771072796859666,1.393853513389793,-0.31471732661935903,0.4872816052491036,1.3913698802156362,-0.4214348346949095,60,2.4,0.561928030835233,0.15678802100451145,False,approach,29.0,0.0009590295262071891,0.00019180590524214836,0.00019180590524214836,0.0005754177157246687,0.00029659014262470307,0.00019180590524214836
0.06803117098752409,0.06648488395148888,0.35166940339274005,1.393086289768826,-0.28853284504462806,0.4877088578622111,1.3903824269800433,-0.4565329603628016,60,2.4,0.554804242300539,-0.01062780179004319,False,approach,29.0,0.00019180590524214836,0.00019180590524214836,0.00019180590524214836,0.00019180590524214836,0.00029659014262470307,0.00019180590524214836
0.070120470947586,0.0687752656522207,0.39562807881678164,1.392319066147861,-0.4345616845960194,0.4569466697184712,1.3893936130605713,-0.49018192525609816,60,2.4,0.5483351262587913,0.23931936343721716,False,approach,29.0,0.00019180590524214836,0.00019180590524214836,0.00019180590524214836,0.00019180590524214836,0.00029659014262470307,0.00019180590524214836
0.07220037397928536,0.07083962438628078,0.4395867542409251,1.3915518425268942,-0.3993133440146437,0.4582284275577937,1.388338418128534,-0.5246283777528651,60,2.4,0.5420606121450093,0.048499067271669416,False,approach,29.0,0.00019180590524214836,0.00019180590524214836,0.00019180590524214836,0.00019180590524214836,0.00029659014262470307,0.00019180590524214836
0.07428325194632635,0.07293237076373771,0.5055247673769875,1.3904010070954467,-0.41039139391165236,0.42105745021744134,1.3872089836880794,-0.5600072999655482,60,2.4,0.5359681345858343,-0.014631444385550196,False,approach,29.0,0.00019180590524214836,0.00019180590524214836,0.00019180590524214836,0.00019180590524214836,0.00029659014262470307,0.00019180590524214836
0.07638023799518123,0.07507783087203279,0.5494834428011309,1.3896337834744799,-0.4577248798351974,0.3544060425726716,1.3859965868039956,-0.5964470136928016,60,2.4,0.5300537466882446,-0.02111117479905955,False,approach,29.0,0.00019180590524214836,0.00019180590524214836,0.00019180590524214836,0.00019180590524214836,0.00029659014262470307,0.00019180590524214836
0.07846809597685933,0.0771290531847626,0.615421455937295,1.3884829480430305,-0.45571068894483346,0.39414053559166895,1.3847127627825178,-0.6334697816016966,60,2.4,0.524410405166485,-0.12842253284075222,False,approach,29.0,0.00019180590524214836,0.00019180590524214836,0.00019180590524214836,0.00019180590524214836,0.00029659014262470307,0.00019180590524214836
0.08055242797126994,0.07928497454850003,0.6813594690733575,1.387332112611583,-0.5241931792172068,0.32065308613717924,1.3833533052622204,-0.6710863458130254,60,2.4,0.5190476872094956,-0.07222435358221979,False,approach,29.0,0.00019180590524214836,0.00019180590524214836,0.00019180590524214836,0.00019180590524214836,0.00029659014262470307,0.00019180590524214836
0.08269767794990912,0.08128182456130162,0.7472974822095217,1.3861812771801336,-0.6087891966124914,0.28903639276722437,1.3818715923394926,-0.7103953991421115,60,2.4,0.5138398725077551,0.011403895998208124,False,approach,29.0,0.00019180590524214836,0.00019180590524214836,0.00019180590524214836,0.00019180590524214836,0.00029659014262470307,0.00019180590524214836
0.08481303998269141,0.08348678186303005,0.813235495345686,1.3850304417486843,-0.5342641336690264,0.2625467307545595,1.380327408554174,-0.7496487731193433,60,2.4,0.5090433297646693,-0.29006179658671394,False,approach,29.0,0.00019180590524214836,0.00019180590524214836,0.00019180590524214836,0.00019180590524214836,0.00029659014262470307,0.00019180590524214836
0.08698625495890155,0.08562527870526537,0.8791735084818502,1.383879606317235,-0.5866330968184883,0.27365529869535443,1.3786540688256421,-0.7903766171690978,60,2.4,0.5044969304265498,-0.29801976791048246,False,approach,29.0,0.00019180590524214836,0.00019180590524214836,0.00019180590524214836,0.00019180590524214836,0.00029659014262470307,0.00019180590524214836
0.08945876394864172,0.08784397068666294,0.9670908593299333,1.3823451590753049,-0.645044632639042,0.1629968719005106,1.376642202210015,-0.8370598798763024,60,2.4,0.4998352476045079,-0.30317875768230296,False,approach,29.0,0.00019180590524214836,0.00019180590524214836,0.00019180590524214836,0.00019180590524214836,0.00029659014262470307,0.00019180590524214836
0.0915634449920617,0.09028967894846573,1.0550082101781184,1.380810711833373,-0.594689860379944,0.2138399328603029,1.3748384859057963,-0.8769582831154832,60,2.4,0.49633026830291554,-0.5394475019169824,False,approach,29.0,0.00019180590524214836,0.00019180590524214836,0.00019180590524214836,0.00019180590524214836,0.00029659014262470307,0.00019180590524214836
0.09365120297297835,0.09229768248042092,1.1429255610263034,1.3792762645914411,-0.6651865415426812,0.2155489433127329,1.3729662651493217,-0.9165582676586759,60,2.4,0.49330599291581484,-0.48858611628973675,False,approach,29.0,0.00019180590524214836,0.00019180590524214836,0.00019180590524214836,0.00019180590524214836,0.00029659014262470307,0.00019180590524214836
0.09578814695123583,0.09443909220863134,1.2308429118744884,1.3777418173495093,-0.6913710231174122,0.1869230182345305,1.370964403275075,-0.9569878872350456,60,2.4,0.49070870625917995,-0.5534166120891999,False,approach,29.0,0.00019180590524214836,0.00019180590524214836,0.00019180590524214836,0.00019180590524214836,0.00029659014262470307,0.00019180590524214836
0.09789046295918524,0.09653701691422611,1.3187602627226733,1.3762073701075774,-0.8061799038681556,0.24161135271229206,1.3689108951460134,-0.9965300824227104,60,2.4,0.4886768818654482,-0.40595204435932597,False,approach,29.0,0.00019180590524214836,0.00019180590524214836,0.00019180590524214836,0.00019180590524214836,0.00029659014262470307,0.00019180590524214836
0.10000900097656995,0.09867560968268663,1.4066776135709602,1.3746729228656438,-0.7588464179446106,0.24246585793850706,1.3667578132669975,-1.0360073504459142,60,2.4,0.48718673187075545,-0.6529060820511496,False,approach,29.0,0.00019180590524214836,0.00019180590524214836,0.00019180590524214836,0.00019180590524214836,0.00029659014262470307,0.00019180590524214836
0.10209700895939022,0.10077305766753852,1.5385536398432886,1.3723712520027451,-0.952208743419547,0.3018539711604493,1.3645544266060043,-1.0744132516321556,60,2.4,0.4862973658476011,-0.27600297766710635,False,approach,29.0,0.00019180590524214836,0.00019180590524214836,0.00019180590524214836,0.00019180590524214836,0.00029659014262470307,0.00019180590524214836
0.10413440898992121,0.10282866633497179,1.6484503284034944,1.3704531929503307,-1.001556420233456,0.4031128404669264,1.3623277550722015,-1.1112707075318193,60,2.4,0.48601449695353394,-0.2648260652502932,False,approach,29.0,0.00019180590524214836,0.00019180590524214836,0.00019180590524214836,0.00019180590524214836,0.00029659014262470307,0.00019180590524214836
0.10622124496148899,0.10488523781532422,1.780326354675721,1.3681515220874338,-1.0639963378347517,0.41721217669947386,1.3599699855314844,-1.148245559366593,60,2.4,0.4863552950088112,-0.20673503002457455,False,approach,29.0,0.00019180590524214836,0.00019180590524214836,0.00019180590524214836,0.00019180590524214836,0.00029659014262470307,0.00019180590524214836
0.10830962395993993,0.10698667820543051,1.8902230432359268,1.3662334630350195,-1.0680247196154795,0.4847180895704586,1.3575341795628262,-1.1843089518313552,60,2.4,0.48736754419584255,-0.31367162145385635,False,approach,29.0,0.00019180590524214836,0.00019180590524214836,0.00019180590524214836,0.00019180590524214836,0.00029659014262470307,0.00019180590524214836
0.11064828198868781,0.10908260149881244,2.044078407220276,1.3635481803616383,-1.1657129777981297,0.5663233386739908,1.3547185039486178,-1.223384003991775,60,2.4,0.4893389567740397,-0.17885209087193654,False,approach,29.0,0.00019180590524214836,0.00019180590524214836,0.00019180590524214836,0.00019180590524214836,0.00029659014262470307,0.00019180590524214836
0.11275415495038033,0.10908260149881244,2.044078407220276,1.3635481803616383,-1.1657129777981297,0.5663233386739908,1.352106361224945,-1.2572015612372,60,2.4,0.49190913118171303,-0.41417261727364657,False,approach,29.0,0.00019180590524214836,0.00019180590524214836,0.00019180590524214836,0.00019180590524214836,0.00029659014262470307,0.00019180590524214836
0.11484444799134508,0.10908260149881244,2.044078407220276,1.3635481803616383,-1.1657129777981297,0.5663233386739908,1.3494446159437945,-1.289309088597887,60,2.4,0.4952409733498858,-0.6476035576401583,False,approach,29.0,0.00019180590524214836,0.00019180590524214836,0.00019180590524214836,0.00019180590524214836,0.00029659014262470307,0.00019180590524214836
0.11692968098213896,0.11662767530651763,2.593561850021407,1.3539578850995646,-1.2996566720073304,0.5611963073167008,1.346724107447774,-1.3197145941449255,60,2.4,0.446076415869613,-0.03608925636804916,True,approach,29.0,0.00019180590524214836,0.00019180590524214836,0.00019180590524214836,0.00019180590524214836,0.00029659014262470307,0.00019180590524214836
0.11904277896974236,0.11768531368579715,2.681479200869592,1.3524234378576327,-1.4023804074158903,0.5235980773632409,1.3439044675256553,-1.3486872664949054,60,2.4,0.5044229720770125,0.12214829036872854,False,approach,29.0,0.00019180590524214836,0.00019180590524214836,0.00019180590524214836,0.00019180590524214836,0.00029659014262470307,0.00019180590524214836
0.12116029398748651,0.11981164041208103,2.857313902565962,1.349354543373769,-1.4235294117647115,0.4629282063019762,1.3410196534308767,-1.3756691020684269,60,2.4,0.5105783083094435,0.1253496550069867,False,approach,29.0,0.00019180590524214836,0.00019180590524214836,0.00019180590524214836,0.00019180590524214836,0.00029659014262470307,0.00019180590524214836
0.1232977399486117,0.12193607224617153,3.033148604262332,1.3462856488899053,-1.4809338521400832,0.4325932707713438,1.3380523966690363,-1.4003022398514746,60,2.4,0.5193751459926725,0.21889588223319234,False,approach,29.0,0.00019180590524214836,0.00019180590524214836,0.00019180590524214836,0.00019180590524214836,0.00029659014262470307,0.00019180590524214836
0.1254087329725735,0.12408133421558887,3.208983305958702,1.3432167544060416,-1.4456855115587146,0.377050431067369,1.3350731229479125,-1.4218827218903163,60,2.4,0.527717044370458,0.09622585208686613,False,approach,29.0,0.00019180590524214836,0.00019180590524214836,0.00019180590524214836,0.00019180590524214836,0.00029659014262470307,0.00019180590524214836
0.12749447696842253,0.12623543018708006,3.3848180076550722,1.3401478599221779,-1.4325932707713491,0.3014267185473418,1.332087425865937,-1.4406637289721695,60,2.4,0.5356499937169442,0.03265485066052087,False,approach,29.0,0.00019180590524214836,0.00019180590524214836,0.00019180590524214836,0.00019180590524214836,0.00029659014262470307,0.00019180590524214836
0.12958413799060509,0.12828756956150755,3.560652709351442,1.3370789654383142,-1.4386358434424409,0.3022812237735568,1.3290593710206715,-1.4570754714334078,60,2.4,0.5433187800287866,0.01788800779190647,False,approach,29.0,0.00019180590524214836,0.00019180590524214836,0.00019180590524214836,0.00019180590524214836,0.00029659014262470307,0.00019180590524214836
0.13186788896564394,0.13032884197309613,3.736487411047812,1.3340100709544505,-1.4476997024490785,0.3257801174944692,1.325713770673763,-1.4723979650602006,60,2.4,0.551415649687652,-0.005638197420291369,False,approach,29.0,-0.0005754177157246687,0.00019180590524214836,0.00019180590524214836,-0.00019180590524214836,0.00029659014262470307,0.00019180590524214836
0.13397216895828024,0.13268212042748928,3.934301450456203,1.3305575646601042,-1.5171892881666338,0.4505378805218587,1.3226026203068002,-1.4842173583757394,60,2.4,0.5586470698428969,0.1604830401428024,False,approach,29.0,-0.0005754177157246687,0.00019180590524214836,0.00019180590524214836,-0.00019180590524214836,0.00029659014262470307,0.00019180590524214836
0.13607309298822656,0.13473193667596206,4.110136152152573,1.3274886701762405,-1.4527351796749883,0.5218890669108109,1.3194738415005207,-1.4939196035561098,60,2.4,0.5656807889600172,-0.014051548897861532,False,approach,29.0,-0.0005754177157246687,0.00019180590524214836,0.00019180590524214836,-0.00019180590524214836,0.00029659014262470307,0.00019180590524214836
0.13813176396070048,0.13679005048470572,4.285970853848943,1.3244197756923768,-1.5343099107347271,0.6154573891813531,1.3163902486203198,-1.5014774716770973,60,2.4,0.5724243798657785,0.1694506092806729,False,approach,29.0,-0.0005754177157246687,0.00019180590524214836,0.00019180590524214836,-0.00019180590524214836,0.00029659014262470307,0.00019180590524214836
0.14021983195561916,0.1388461115420796,4.461805555545212,1.3213508812085148,-1.509132524605178,0.6991989013504245,1.3132487113026095,-1.5072474155299858,60,2.4,0.579146800841591,0.09754086826772868,False,approach,29.0,-0.0005754177157246687,0.00019180590524214836,0.00019180590524214836,-0.00019180590524214836,0.00029659014262470307,0.00019180590524214836
0.14230619696900249,0.1409378665848635,4.637640257241581,1.3182819867246511,-1.4930189974822667,0.7432059205004968,1.3100996351424867,-1.51117093133353,60,2.4,0.5857793730377359,0.05127363686483988,False,approach,29.0,-0.0005754177157246687,0.00019180590524214836,0.00019180590524214836,-0.00019180590524214836,0.00029659014262470307,0.00019180590524214836
0.1444665469462052,0.14308584504760802,4.835454296650074,1.3148294804303031,-1.5655298695353679,0.7128709849698645,1.306832280867812,-1.5133524075372544,60,2.4,0.5925953221049796,0.23798925715097802,False,approach,29.0,-0.0005754177157246687,0.00019180590524214836,0.00019180590524214836,-0.00019180590524214836,0.00029659014262470307,0.00019180590524214836
0.1465925199445337,0.1452824620064348,5.033268336058464,1.3113769741359569,-1.5242389562829075,0.6000762951094831,1.3036142715626862,-1.5136784689130909,60,2.4,0.5992892399142522,0.15887225520556886,False,approach,29.0,-0.0005754177157246687,0.00019180590524214836,0.00019180590524214836,-0.00019180590524214836,0.00029659014262470307,0.00019180590524214836
0.14868398499675095,0.14733657863689587,5.231082375466856,1.3079244678416106,-1.5786221103227334,0.621438925764858,1.3004496402075043,-1.5122724900014848,60,2.4,0.60589894043911,0.31664837116372613,False,approach,29.0,-0.0005754177157246687,0.00019180590524214836,0.00019180590524214836,-0.00019180590524214836,0.00029659014262470307,0.00019180590524214836
0.1507994569838047,0.149425657116808,5.406917077163225,1.304855573357747,-1.5594872968642761,0.5261615930418859,1.297253487913099,-1.509133086575003,60,2.4,0.6126476670660613,0.2773726450814422,False,approach,29.0,-0.0005754177157246687,0.00019180590524214836,0.00019180590524214836,-0.00019180590524214836,0.00029659014262470307,0.00019180590524214836
0.15304176596691832,0.15162545558996499,5.6047311165716165,1.3014030670634007,-1.615884641794466,0.4851453421835661,1.2938750135565358,-1.503935683625416,60,2.4,0.6199143902696809,0.4369086794635055,False,approach,29.0,-0.0005754177157246687,0.00019180590524214836,0.00019180590524214836,-0.00019180590524214836,0.00029659014262470307,0.00019180590524214836
0.15514860197436064,0.15378374443389475,5.802545155980007,1.2979505607690545,-1.5967498283360086,0.42233920805676384,1.290713157344603,-1.497302386449242,60,2.4,0.6268906740277028,0.4313203290888491,False,approach,29.0,-0.0005754177157246687,0.00019180590524214836,0.00019180590524214836,-0.00019180590524214836,0.00029659014262470307,0.00019180590524214836
0.15727599698584527,0.15590386162512004,6.000359195388398,1.2944980544747082,-1.5544518196383663,0.4103761348897539,1.287536457473093,-1.4888761799359012,60,2.4,0.6341236613443643,0.37380937653336554,False,approach,29.0,-0.0005754177157246687,0.00019180590524214836,0.00019180590524214836,-0.00019180590524214836,0.00029659014262470307,0.00019180590524214836
0.15941092697903514,0.15808720147470012,6.198173234796789,1.291045548180362,-1.4940260929274487,0.4872816052491036,1.2843684046465207,-1.4786552783102775,60,2.4,0.6416159859249757,0.27787732897570855,False,approach,29.0,-0.0005754177157246687,0.00019180590524214836,0.00019180590524214836,-0.00019180590524214836,0.00029659014262470307,0.00019180590524214836
0.1615144059760496,0.16023031866643578,6.374007936493159,1.2879766536964983,-1.51013962005036,0.5043717097734035,1.2812702160853822,-1.4668264088101757,60,2.4,0.6492700544740994,0.35083550478357506,False,approach,29.0,-0.0005754177157246687,0.00019180590524214836,0.00019180590524214836,-0.00019180590524214836,0.00029659014262470307,0.00019180590524214836
0.16361339599825442,0.16227961896220222,6.57182197590155,1.284524147402152,-1.488990615701539,0.619729915312428,1.2782053025806532,-1.453243250346532,60,2.4,0.6572203604831399,0.36388334804522815,False,approach,29.0,-0.0005754177157246687,0.00019180590524214836,0.00019180590524214836,-0.00019180590524214836,0.00029659014262470307,0.00019180590524214836
0.1657265029498376,0.16432289424119517,6.725677339885899,1.2818388647287708,-1.4910048065919028,0.6701457236591146,1.2751505113136226,-1.4377226185901544,60,2.4,0.6655839629215722,0.3921600092168712,False,approach,29.0,-0.0005754177157246687,0.00019180590524214836,0.00019180590524214836,-0.00019180590524214836,0.00029659014262470307,0.00019180590524214836
0.16782240697648376,0.16648971929680556,6.901512041582269,1.2787699702449071,-1.386266880292979,0.7479056992446793,1.2721549614002838,-1.4204380780739434,60,2.4,0.6742809369806761,0.19536953162896387,False,approach,29.0,-0.0005754177157246687,0.00019180590524214836,0.00019180590524214836,-0.00019180590524214836,0.00029659014262470307,0.00019180590524214836
0.16990982397692278,0.1686285226023756,7.09932608099066,1.275317463950561,-1.4386358434424409,0.7829404135194942,1.2692095642611987,-1.4012822530528108,60,2.4,0.6833852069819015,0.40655984255528127,False,approach,29.0,-0.0005754177157246687,0.00019180590524214836,0.00019180590524214836,-0.00019180590524214836,0.00029659014262470307,0.00019180590524214836
0.17199257196625695,0.17068516137078404,7.253181444975009,1.2726321812771797,-1.4164797436484378,0.7931944762340741,1.2663126879147695,-1.3801587494908414,60,2.4,0.6929547268057765,0.40095551103939436,False,approach,29.0,-0.0005754177157246687,0.00019180590524214836,0.00019180590524214836,-0.00019180590524214836,0.00029659014262470307,0.00019180590524214836
0.17436129896668717,0.17274144990369678,7.429016146671379,1.269563286793316,-1.4235294117647115,0.7376516365300994,1.2630743982705002,-1.3535796561483637,60,2.4,0.7044864584488905,0.4830325605591762,False,approach,29.0,-0.0005754177157246687,0.00019180590524214836,0.00019180590524214836,-0.00019180590524214836,0.00029659014262470307,0.00019180590524214836
0.17645175196230412,0.17274144990369678,7.429016146671379,1.269563286793316,-1.4235294117647115,0.7376516365300994,1.2602714025172448,-1.3277512227681165,60,2.4,0.7152893849099312,0.3876439819374876,False,approach,29.0,-0.0005754177157246687,0.00019180590524214836,0.00019180590524214836,-0.00019180590524214836,0.00029659014262470307,0.00019180590524214836
0.1785405819537118,0.17274144990369678,7.429016146671379,1.269563286793316,-1.4235294117647115,0.7376516365300994,1.257526935410398,-1.2996047057048434,60,2.4,0.7267205306013106,0.30195874216991203,False,approach,29.0,-0.0005754177157246687,0.00019180590524214836,0.00019180590524214836,-0.00019180590524214836,0.00029659014262470307,0.00019180590524214836
0.1806334299617447,0.18026803917018697,8.000478927184531,1.2595893797207598,-1.2976424811169665,0.5787136644541082,1.2548387096224802,-1.2689371356792138,60,2.4,0.7388611369447337,0.522713760098566,False,approach,29.0,-0.0005754177157246687,0.00019180590524214836,0.00019180590524214836,-0.00019180590524214836,0.00029659014262470307,0.00019180590524214836
0.18272939400048926,0.18138358474243432,8.088396278032716,1.258054932478828,-1.2905928130006927,0.5620508125429158,1.2522135154495175,-1.2356153141310535,60,2.4,0.7517597944449128,0.5332207699734228,False,approach,29.0,-0.0005754177157246687,0.00019180590524214836,0.00019180590524214836,-0.00019180590524214836,0.00029659014262470307,0.00019180590524214836
0.18483839294640347,0.18349263159325346,8.264230979729085,1.2549860379949642,-1.3459830624857005,0.517616540779736,1.2496453892625272,-1.1993052337143384,60,2.4,0.7655379348103987,0.7971257999154476,False,approach,29.0,-0.0005754177157246687,0.00019180590524214836,0.00019180590524214836,-0.00019180590524214836,0.00029659014262470307,0.00019180590524214836
0.18696183996507898,0.1856724854442291,8.418086343713435,1.252300755321583,-1.2200961318379555,0.46420996414129867,1.2471401616766649,-1.159768492326552,60,2.4,0.780274094455841,0.6154248105881192,False,approach,29.0,-0.0005754177157246687,0.00019180590524214836,0.00019180590524214836,-0.00019180590524214836,0.00029659014262470307,0.00019180590524214836
0.18909474596148357,0.18777451157802716,8.571941707697682,1.2496154726482036,-1.1858548867017689,0.47446402685587863,1.2447116461875305,-1.1168744936153376,60,2.4,0.7960036403671626,0.667326996134211,False,approach,29.0,-0.0005754177157246687,0.00019180590524214836,0.00019180590524214836,-0.00019180590524214836,0.00029659014262470307,0.00019180590524214836
0.19124234095215797,0.18985001783585176,8.703817733970011,1.247313801785305,-1.2160677500572277,0.4526741435873962,1.2423624594753158,-1.070276308865195,60,2.4,0.8128382501501885,0.8656571704117166,False,approach,29.0,-0.0005754177157246687,0.00019180590524214836,0.00019180590524214836,-0.00019180590524214836,0.00029659014262470307,0.00019180590524214836
0.19334991794312373,0.19202743313508108,8.835693760242238,1.245012130922408,-1.0629892423895697,0.504798962386511,1.240158037895266,-1.0210274871246448,60,2.4,0.8303881831343551,0.6398508141416475,False,approach,29.0,-0.0005754177157246687,0.00019180590524214836,0.00019180590524214836,-0.00019180590524214836,0.00029659014262470307,0.00019180590524214836
0.19566510996082798,0.19417128048371524,8.967569786514566,1.2427104600595094,-1.10428015564203,0.6086213473716331,1.237860833660633,-0.962669024449275,60,2.4,0.8509094155355741,0.8997985464656004,False,approach,29.0,0.0009590295262071891,0.00019180590524214836,0.00019180590524214836,0.0005754177157246687,-8.702166785959364e-05,0.00019180590524214836
0.19776650494895875,0.19647327053826302,9.099445812786792,1.2404087891966125,-1.0156557564660034,0.6915083543144895,1.2358971340339469,-0.9056120090555391,60,2.4,0.8707235276075678,0.8641292116327457,False,approach,29.0,0.0009590295262071891,0.00019180590524214836,0.00019180590524214836,0.0005754177157246687,-8.702166785959364e-05,0.00019180590524214836
0.19985913200071082,0.19852736563188955,9.209342501346999,1.238490730144198,-0.9270313572899909,0.690226596475167,1.2340650258580947,-0.844701294456893,60,2.4,0.8916374652232628,0.8236873588564975,False,approach,29.0,0.0009590295262071891,0.00019180590524214836,0.00019180590524214836,0.0005754177157246687,-8.702166785959364e-05,0.00019180590524214836
0.20194938499480486,0.20063306466909125,9.319239189907204,1.2365726710917837,-0.9290455481803548,0.7628595407034418,1.2323667026028275,-0.7795551819236286,60,2.4,0.9137634336213503,1.0201822033001235,False,approach,29.0,0.0009590295262071891,0.00019180590524214836,0.00019180590524214836,0.0005754177157246687,-8.702166785959364e-05,0.00019180590524214836
0.20403281395556405,0.20268619229318574,9.429135878467513,1.2346546120393675,-0.8897688258182654,0.8572823682001989,1.2308140987802911,-0.7101041606353096,60,2.4,0.9371042599468795,1.1378686608413886,False,approach,29.0,0.0009590295262071891,0.00019180590524214836,0.00019180590524214836,0.0005754177157246687,-8.702166785959364e-05,0.00019180590524214836
0.20612299698404968,0.20478458976140246,9.539032567027718,1.2327365529869532,-0.8585488670176176,0.9512779430838485,1.2294068082608076,-0.6356483314140782,60,2.4,0.9618710586886852,1.2970476605684464,False,approach,29.0,0.0009590295262071891,0.00019180590524214836,0.00019180590524214836,0.0005754177157246687,-8.702166785959364e-05,0.00019180590524214836
0.20820652594557032,0.20685109321493655,9.626949917875903,1.2312021057450213,-0.7860379949645164,0.9807583733882659,1.2281640727238292,-0.5564083185617534,60,2.4,0.9879646811441618,1.356793923239267,False,approach,29.0,0.0009590295262071891,0.00019180590524214836,0.00019180590524214836,0.0005754177157246687,-8.702166785959364e-05,0.00019180590524214836
0.2102886929642409,0.20894289831630886,9.714867268724088,1.2296676585030895,-0.7830167086289777,1.0311741817349507,1.2270925318115002,-0.47194570800856817,60,2.4,1.0155035748620689,1.6075663748556988,False,approach,29.0,0.0009590295262071891,0.00019180590524214836,0.00019180590524214836,0.0005754177157246687,-8.702166785959364e-05,0.00019180590524214836
0.21237534895772114,0.2110311447759159,9.780805281860252,1.2285168230716401,-0.6440375371938671,1.0179293507286182,1.2262008698269826,-0.38173435649873727,60,2.4,1.0446296532628638,1.5352000922517255,False,approach,29.0,0.0009590295262071891,0.00019180590524214836,0.00019180590524214836,0.0005754177157246687,-8.702166785959364e-05,0.00019180590524214836
0.2144740279763937,0.21317889128113165,9.868722632708335,1.22698237582971,-0.5886472877088522,1.0034027618829633,1.2255000799780458,-0.2850917107136195,60,2.4,1.075529059542979,1.7151246932316822,False,approach,29.0,0.0009590295262071891,0.00019180590524214836,0.00019180590524214836,0.0005754177157246687,-8.702166785959364e-05,0.00019180590524214836
0.21667648997390643,0.2152862544171512,9.912681308132479,1.2262151522087432,-0.4899519340810201,1.0850080109864955,1.2249899580301182,-0.17696348846163587,60,2.4,1.1097579678747804,1.7874185866438035,False,approach,29.0,0.0009590295262071891,0.00019180590524214836,0.00019180590524214836,0.0005754177157246687,-8.702166785959364e-05,0.00019180590524214836
0.21876199397956952,0.21742065157741308,9.95663998355652,1.2254479285877782,-0.37212176699473787,1.079453727016098,1.2247334487532524,-0.06792314995521945,60,2.4,1.143936691393042,1.8311445822163397,False,approach,29.0,0.0009590295262071891,0.00019180590524214836,0.00019180590524214836,0.0005754177157246687,-8.702166785959364e-05,0.00019180590524214836
0.22084511199500412,0.21948426071321592,10.000598658980664,1.2246807049668114,-0.317738612954912,1.075181200885023,1.2247109636604652,0.046722903246480506,60,2.4,1.1597875095264376,2.0363106700290077,False,withdrawal,29.0,0.0009590295262071891,0.00019180590524214836,0.00019180590524214836,0.0005754177157246687,-8.702166785959364e-05,0.00019180590524214836
0.22293390199774876,0.22163387341424823,10.044557334404704,1.2239134813458463,-0.27846189059280846,1.1520866712443745,1.2249259357457045,0.1581584469434316,60,2.4,1.146808676110874,2.2554447501893424,False,withdrawal,29.0,0.0009590295262071891,0.00019180590524214836,0.00019180590524214836,0.0005754177157246687,-8.702166785959364e-05,0.00019180590524214836
0.225035396986641,0.223687109479215,10.044557334404704,1.2239134813458463,-0.07603570611124155,1.1050888838025497,1.2253711109243697,0.2645763603116946,60,2.4,1.1338529542700533,2.0387796883965015,False,withdrawal,29.0,0.0009590295262071891,0.00019180590524214836,0.00019180590524214836,0.0005754177157246687,-8.702166785959364e-05,0.00019180590524214836
0.2271414709975943,0.22582724352832884,10.044557334404704,1.2239134813458463,0.04078736552986584,1.1743038071259644,1.2260357217680915,0.36564115925159324,60,2.4,1.1209770314374552,2.0279605617043117,False,withdrawal,29.0,0.0009590295262071891,0.00019180590524214836,0.00019180590524214836,0.0005754177157246687,-8.702166785959364e-05,0.00019180590524214836
0.2292367429472506,0.22794427233748138,10.022577996692684,1.2242970931563288,0.1052414740215113,1.1952391851682318,1.2269024425804087,0.46078338099956573,60,2.4,1.1082796316585597,2.117901173850682,False,withdrawal,29.0,0.0009590295262071891,0.00019180590524214836,0.00019180590524214836,0.0005754177157246687,-8.702166785959364e-05,0.00019180590524214836
0.23132471198914573,0.22997550608124584,10.022577996692684,1.2242970931563288,0.18983749141679596,1.1986572060730918,1.2279589686273298,0.5503726595242412,60,2.4,1.0957430787351194,2.1807400104530448,False,withdrawal,29.0,0.0009590295262071891,0.00019180590524214836,0.00019180590524214836,0.0005754177157246687,-8.702166785959364e-05,0.00019180590524214836
0.23342286999104545,0.23208957619499415,10.000598658980664,1.2246807049668114,0.1888303959716211,1.1819943541618994,1.2292037044388056,0.635288480493303,60,2.4,1.0832674631202255,2.4261468342919135,False,withdrawal,29.0,0.0009590295262071891,0.00019180590524214836,0.00019180590524214836,0.0005754177157246687,-8.702166785959364e-05,0.00019180590524214836
0.23552980495151132,0.23422526626382023,9.95663998355652,1.2254479285877782,0.33485923552299823,1.1781490806439319,1.2306276326438583,0.7155438530413802,60,2.4,1.07086763077056,2.2952929561794857,False,withdrawal,29.0,0.0009590295262071891,0.00019180590524214836,0.00019180590524214836,0.0005754177157246687,-8.702166785959364e-05,0.00019180590524214836
0.2380608589737676,0.23629891744349152,9.912681308132479,1.2262151522087432,0.37816433966582963,1.2067750057221343,1.2325540226619425,0.8055042843833223,60,2.4,1.056147905113673,2.4620959996276106,False,withdrawal,29.0,0.0009590295262071891,0.00019180590524214836,0.00019180590524214836,0.0005754177157246687,-8.702166785959364e-05,0.00019180590524214836
0.24013427895260975,0.23629891744349152,9.912681308132479,1.2262151522087432,0.37816433966582963,1.2067750057221343,1.2342960745838778,0.8741098933717555,60,2.4,1.044238061266526,2.719362732668823,False,withdrawal,29.0,0.0009590295262071891,0.00019180590524214836,0.00019180590524214836,0.0005754177157246687,-8.702166785959364e-05,0.00019180590524214836
0.2422208139905706,0.23629891744349152,9.912681308132479,1.2262151522087432,0.37816433966582963,1.2067750057221343,1.236188052371341,0.938662339519599,60,2.4,1.0323923948487037,2.975961604253623,False,withdrawal,29.0,0.0009590295262071891,0.00019180590524214836,0.00019180590524214836,0.0005754177157246687,-8.702166785959364e-05,0.00019180590524214836
0.2443064779508859,0.24417552287923172,9.670908593299945,1.2304348821240563,0.5664911879148562,1.2653086137178615,1.2382092675587009,0.9988186321418239,60,2.4,1.0206956597108277,2.5247446519342254,False,withdrawal,29.0,0.0009590295262071891,0.00019180590524214836,0.00019180590524214836,0.0005754177157246687,-8.702166785959364e-05,0.00019180590524214836
0.24639329395722598,0.24512574583059177,9.648929255587923,1.2308184939345388,0.597711146715497,1.2490730144197766,1.2403527195269433,1.0547642144368232,60,2.4,1.0091405432110157,2.678121441286467,False,withdrawal,29.0,0.0009590295262071891,0.00019180590524214836,0.00019180590524214836,0.0005754177157246687,-8.702166785959364e-05,0.00019180590524214836
0.24848995899083093,0.24718246760312468,9.561011904739738,1.2323529411764707,0.7205767910276961,1.264026855878539,1.2426195002859723,1.106826112283056,60,2.4,0.9976839702318934,2.5406758878148588,False,withdrawal,29.0,0.0009590295262071891,0.00019180590524214836,0.00019180590524214836,0.0005754177157246687,-8.702166785959364e-05,0.00019180590524214836
0.25060353794833645,0.2492872136645019,9.473094553891553,1.2338873884184025,0.6561226825360507,1.2550545510032816,1.245010725769966,1.15522829116001,60,2.4,0.9862941270136893,2.851547828805006,False,withdrawal,29.0,0.0009590295262071891,0.00019180590524214836,0.00019180590524214836,0.0005754177157246687,-8.702166785959364e-05,0.00019180590524214836
0.2527025469462387,0.25133146485313773,9.363197865331347,1.2358054474708169,0.8081940947585267,1.2302738994430467,1.24748255993546,1.199368961746463,60,2.4,0.9751446392564054,2.614591067906038,False,withdrawal,29.0,0.0009590295262071891,0.00019180590524214836,0.00019180590524214836,0.0005754177157246687,-8.702166785959364e-05,0.00019180590524214836
0.25481579499319196,0.25343132414855063,9.275280514483162,1.2373398947127487,0.8172579537651643,1.2106202792401017,1.25006070059521,1.23998035959798,60,2.4,0.964086038344524,2.741868165290958,False,withdrawal,29.0,0.0009590295262071891,0.00019180590524214836,0.00019180590524214836,0.0005754177157246687,-8.702166785959364e-05,0.00019180590524214836
0.2569919459638186,0.25564339134143665,9.165383825922957,1.2392579537651631,0.9431448844129093,1.1503776607919445,1.2528010654096822,1.2779167788787056,60,2.4,0.9528765501673742,2.568915795556428,False,withdrawal,29.0,0.0009590295262071891,0.00019180590524214836,0.00019180590524214836,0.0005754177157246687,-8.702166785959364e-05,0.00019180590524214836
0.25927269097883254,0.2578394173178822,9.011528461938607,1.2419432364385443,1.0176699473563744,1.1089341573205171,1.2557571310873508,1.3135918461896485,60,2.4,0.9413263781758019,2.4803726143040463,False,withdrawal,29.0,-0.0005754177157246687,0.00019180590524214836,0.00019180590524214836,-0.0005754177157246687,-8.702166785959364e-05,0.00019180590524214836
0.2613881319994107,0.2600198144791648,8.901631773378401,1.2438612954909587,1.0700389105058363,1.0756084534981305,1.2585677425537776,1.3430747403958447,60,2.4,0.9307980197738317,2.468470835278984,False,withdrawal,29.0,-0.0005754177157246687,0.00019180590524214836,0.00019180590524214836,-0.0005754177157246687,-8.702166785959364e-05,0.00019180590524214836
0.2635487729567103,0.26227629120694473,8.725797071682031,1.2469301899748224,1.3127489127946887,0.955123216601816,1.2614990609267984,1.3697321450041364,60,2.4,0.9202314480649219,1.9311234624861568,False,withdrawal,29.0,-0.0005754177157246687,0.00019180590524214836,0.00019180590524214836,-0.0005754177157246687,-8.702166785959364e-05,0.00019180590524214836
0.2656377529492602,0.2642869933624752,8.571941707697682,1.2496154726482036,1.4487067978942534,0.9303425650415811,1.2643845165831678,1.3923024290710815,60,2.4,0.9101976755804557,1.6609698265026918,False,withdrawal,29.0,-0.0005754177157246687,0.00019180590524214836,0.00019180590524214836,-0.0005754177157246687,-8.702166785959364e-05,0.00019180590524214836
0.2677249599946663,0.26639048632932827,8.396107006001312,1.2526843671320673,1.358068207827877,0.9944304570077058,1.2673114277056712,1.411821463724625,60,2.4,0.9003541705933358,1.9069856191617622,False,withdrawal,29.0,-0.0005754177157246687,0.00019180590524214836,0.00019180590524214836,-0.0005754177157246687,-8.702166785959364e-05,0.00019180590524214836
0.2698081689886749,0.268434927216731,8.242251642017065,1.2553696498054467,1.4013733119707013,1.0444190127412831,1.2702703009999659,1.428390496405686,60,2.4,0.8907132128138797,1.8495935271289894,False,withdrawal,29.0,-0.0005754177157246687,0.00019180590524214836,0.00019180590524214836,-0.0005754177157246687,-8.702166785959364e-05,0.00019180590524214836
0.2719019989599474,0.27053272671764717,8.066416940320694,1.2584385442893105,1.4003662165255193,1.0892805371175704,1.2732760712328055,1.442220565473566,60,2.4,0.8812104506982266,1.871912504783242,False,withdrawal,29.0,-0.0005754177157246687,0.00019180590524214836,0.00019180590524214836,-0.0005754177157246687,-8.702166785959364e-05,0.00019180590524214836
0.273999044962693,0.2726934004458599,7.868602900912304,1.2618910505836567,1.549416342412453,1.1606317235065244,1.2763126036631551,1.4533424582475976,60,2.4,0.871883661916387,1.5065995246906407,False,withdrawal,29.0,-0.0005754177157246687,0.00019180590524214836,0.00019180590524214836,-0.0005754177157246687,-8.702166785959364e-05,0.00019180590524214836
0.2760886659962125,0.2747336784377694,7.6927681992159345,1.2649599450675204,1.571572442206456,1.1819943541618994,1.2793588342389477,1.4618136506298889,60,2.4,0.8627817714260098,1.463294021927886,False,withdrawal,29.0,-0.0005754177157246687,0.00019180590524214836,0.00019180590524214836,-0.0005754177157246687,-8.702166785959364e-05,0.00019180590524214836
0.2781465259613469,0.2768295162823051,7.494954159807543,1.2684124513618666,1.5776150148775478,1.1978027008468768,1.2823735162693037,1.467709466539691,60,2.4,0.8540073938680717,1.427897972303441,False,withdrawal,29.0,-0.0005754177157246687,0.00019180590524214836,0.00019180590524214836,-0.0005754177157246687,-8.702166785959364e-05,0.00019180590524214836
0.2803395189694129,0.2788912851247005,7.2971401203990505,1.2718649576562147,1.6531471732661949,1.2806897077897315,1.2855967456705544,1.4714303399218596,60,2.4,0.8448654993968754,1.2326523802308538,False,withdrawal,29.0,-0.0005754177157246687,0.00019180590524214836,0.00019180590524214836,-0.0005754177157246687,-8.702166785959364e-05,0.00019180590524214836
0.28242572396993637,0.2810823132749647,7.077346743278639,1.2757010757610434,1.649118791485467,1.1819943541618994,1.288668081560137,1.4726201690823488,60,2.4,0.8363704291578236,1.1907940833359563,False,withdrawal,29.0,-0.0005754177157246687,0.00019180590524214836,0.00019180590524214836,-0.0005754177157246687,-8.702166785959364e-05,0.00019180590524214836
0.2845249939709902,0.2832328447839245,6.8795327038702485,1.2791535820553896,1.6178988326848263,1.0935530632486454,1.291758823622197,1.4716057434329493,60,2.4,0.8280223110041851,1.2332333908081259,False,withdrawal,29.0,-0.0005754177157246687,0.00019180590524214836,0.00019180590524214836,-0.0005754177157246687,-8.702166785959364e-05,0.00019180590524214836
0.28661634895252064,0.28528991737402976,6.681718664461857,1.2826060883497359,1.6954451819638372,0.9739223315785459,1.2948335703877616,1.4684866120262206,60,2.4,0.8199068236651474,1.0088551780964097,False,withdrawal,29.0,-0.0005754177157246687,0.00019180590524214836,0.00019180590524214836,-0.0005754177157246687,-8.702166785959364e-05,0.00019180590524214836
0.28870208299485967,0.28737938340054825,6.483904625053467,1.2860585946440821,1.648111696040285,0.835919737544824,1.2978914514113407,1.4633751225190175,60,2.4,0.8120144868343693,1.078618116418839,False,withdrawal,29.0,-0.0005754177157246687,0.00019180590524214836,0.00019180590524214836,-0.0005754177157246687,-8.702166785959364e-05,0.00019180590524214836
0.2907869349583052,0.2894357593613677,6.264111247932953,1.2898947127489127,1.6622110322728325,0.7261158159761969,1.3009353842000733,1.4563623081110824,60,2.4,0.8043276635430854,0.9727310126245217,False,withdrawal,29.0,-0.0005754177157246687,0.00019180590524214836,0.00019180590524214836,-0.0005754177157246687,-8.702166785959364e-05,0.00019180590524214836
0.2929094409919344,0.29148002673173323,6.088276546236583,1.2929636072327764,1.7105516136415666,0.640238040741588,1.3040172945558417,1.4473624955509266,60,2.4,0.796710792921883,0.8282781488882666,False,withdrawal,29.0,-0.0005754177157246687,0.00019180590524214836,0.00019180590524214836,-0.0005754177157246687,-8.702166785959364e-05,0.00019180590524214836
0.2950238509802148,0.29369562375359237,5.868483169116171,1.2967997253376051,1.6964522774090192,0.6389562829022655,1.3070665634460878,1.4366243886877976,60,2.4,0.7893334369266403,0.7817567905046721,False,withdrawal,29.0,-0.0005754177157246687,0.00019180590524214836,0.00019180590524214836,-0.0005754177157246687,-8.702166785959364e-05,0.00019180590524214836
0.2971539019490592,0.295792197342962,5.670669129707781,1.3002522316319514,1.7387502861066615,0.6915083543144895,1.310113613784202,1.4241113720055125,60,2.4,0.7821147945456242,0.6186643298379046,False,withdrawal,29.0,-0.0005754177157246687,0.00019180590524214836,0.00019180590524214836,-0.0005754177157246687,-8.702166785959364e-05,0.00019180590524214836
0.29927529499400407,0.29792736150557175,5.450875752587267,1.304088349736782,1.7135728999771125,0.7598687724116893,1.3131200724318066,1.4100493074633889,60,2.4,0.7751390115864644,0.5885857512550111,False,withdrawal,29.0,-0.0005754177157246687,0.00019180590524214836,0.00019180590524214836,-0.0005754177157246687,-8.702166785959364e-05,0.00019180590524214836
0.30157753196544945,0.2999815048533492,5.253061713178877,1.3075408560311281,1.6370336461432835,0.828229190508889,1.3163471431259384,1.3930861144384408,60,2.4,0.7678103694665656,0.7107135190635573,False,withdrawal,29.0,-0.0005754177157246687,0.00019180590524214836,0.00019180590524214836,-0.0005754177157246687,-8.702166785959364e-05,0.00019180590524214836
0.3036688769934699,0.2999815048533492,5.253061713178877,1.3075408560311281,1.6370336461432835,0.828229190508889,1.3192431754256395,1.37623252979851,60,2.4,0.7613717060341992,0.8375881904774259,False,withdrawal,29.0,-0.0005754177157246687,0.00019180590524214836,0.00019180590524214836,-0.0005754177157246687,-8.702166785959364e-05,0.00019180590524214836
0.3057568649528548,0.2999815048533492,5.253061713178877,1.3075408560311281,1.6370336461432835,0.828229190508889,1.3220980388637456,1.3581192170582268,60,2.4,0.7551513534446478,0.9591876935975568,False,withdrawal,29.0,-0.0005754177157246687,0.00019180590524214836,0.00019180590524214836,-0.0005754177157246687,-8.702166785959364e-05,0.00019180590524214836
0.3078441019752063,0.3076392551884055,4.549722906393396,1.319816433966583,1.5806363012130937,0.9470054169527735,1.3249128042720508,1.3388076227108174,60,2.4,0.7491411083668139,0.47453449828942074,False,withdrawal,29.0,-0.0005754177157246687,0.00019180590524214836,0.00019180590524214836,-0.0005754177157246687,-8.702166785959364e-05,0.00019180590524214836
0.3099352069548331,0.3086395474965684,4.461805555545212,1.3213508812085148,1.5524376287479988,0.9098344396124212,1.3276911724756002,1.318331140082081,60,2.4,0.7433281802524931,0.5618900834794114,False,withdrawal,29.0,-0.0005754177157246687,0.00019180590524214836,0.00019180590524214836,-0.0005754177157246687,-8.702166785959364e-05,0.00019180590524214836
0.31201852596132085,0.3107345788157545,4.26399151613682,1.324803387502861,1.4940260929274416,0.7761043717097742,1.3304155108818023,1.2968838348103142,60,2.4,0.7377442933032335,0.601330276558602,False,withdrawal,29.0,-0.0005754177157246687,0.00019180590524214836,0.00019180590524214836,-0.0005754177157246687,-8.702166785959364e-05,0.00019180590524214836
0.31410095299361274,0.3127390021691099,4.088156814440451,1.3278722819867248,1.5604943923094545,0.6496375982299529,1.3330930074949021,1.274476179715126,60,2.4,0.7323694590585333,0.359169279322784,False,withdrawal,29.0,-0.0005754177157246687,0.00019180590524214836,0.00019180590524214836,-0.0005754177157246687,-8.702166785959364e-05,0.00019180590524214836
0.31619685696205124,0.31485184136545286,3.8903427750320594,1.331324788281071,1.575600823987184,0.5586327916380558,1.3357397570944582,1.2510187940888389,60,2.4,0.7271681191451479,0.21306937619235233,False,withdrawal,29.0,-0.0005754177157246687,0.00019180590524214836,0.00019180590524214836,-0.0005754177157246687,-8.702166785959364e-05,0.00019180590524214836
0.3182972399517894,0.3169279713765718,3.7145080733356894,1.3343936827649348,1.4688487067978926,0.519325551232166,1.3383419492051503,1.2266738028827744,60,2.4,0.7221648002932073,0.3778410173098543,False,withdrawal,29.0,-0.0005754177157246687,0.00019180590524214836,0.00019180590524214836,-0.0005754177157246687,-8.702166785959364e-05,0.00019180590524214836
0.320389014959801,0.3190877343295142,3.5386733716393195,1.3374625772487985,1.4235294117647044,0.4385748073548488,1.3408818464646175,1.2016665157408908,60,2.4,0.7173894462832598,0.390074648775249,False,withdrawal,29.0,-0.0005754177157246687,0.00019180590524214836,0.00019180590524214836,-0.0005754177157246687,-8.702166785959364e-05,0.00019180590524214836
0.32265104399994016,0.32118260842980817,3.3848180076550722,1.3401478599221779,1.3933165484092456,0.4548104066529337,1.3435687321666814,1.1738480421449167,60,2.4,0.7124575479676045,0.3909854676034248,False,withdrawal,29.0,-0.0013426413366897094,0.00019180590524214836,0.00019180590524214836,-0.00019180590524214836,0.00029659014262470307,0.00019180590524214836
0.32474631594959646,0.3233810272067785,3.208983305958702,1.3432167544060416,1.3459830624856934,0.4817273212787061,1.3460006927484764,1.1474335539283442,60,2.4,0.7081034774683698,0.39862095747682236,False,withdrawal,29.0,-0.0013426413366897094,0.00019180590524214836,0.00019180590524214836,-0.00019180590524214836,0.00029659014262470307,0.00019180590524214836
0.3268586119520478,0.3254747221362777,3.055127941974353,1.3459020370794228,1.308720531013961,0.5317158770122834,1.3483957888409246,1.120243728554848,60,2.4,0.7039215334995411,0.4012023132877781,False,withdrawal,29.0,-0.0013426413366897094,0.00019180590524214836,0.00019180590524214836,-0.00019180590524214836,0.00029659014262470307,0.00019180590524214836
0.32900319097097963,0.3276986124110408,2.9012725779900035,1.348587319752804,1.2180819409475845,0.636820019836728,1.3507681796105997,1.0921301173520115,60,2.4,0.6998876039446345,0.5284548187830016,False,withdrawal,29.0,-0.0013426413366897094,0.00019180590524214836,0.00019180590524214836,-0.00019180590524214836,0.00029659014262470307,0.00019180590524214836
0.33114162797573954,0.32973505050176755,2.7474172140057562,1.3512726024261834,1.2090180819409468,0.6603189135576422,1.3530732566439212,1.0636537649419524,60,2.4,0.696076477559322,0.45524136982600244,False,withdrawal,29.0,-0.0013426413366897094,0.00019180590524214836,0.00019180590524214836,-0.00019180590524214836,0.00029659014262470307,0.00019180590524214836
0.3332369199488312,0.33188819006318226,2.5715825123093863,1.3543414969100471,1.3248340581368723,0.7043259327077145,1.3552723645330542,1.0353852814119073,60,2.4,0.6925453902760116,0.05372038351652131,False,withdrawal,29.0,-0.0013426413366897094,0.00019180590524214836,0.00019180590524214836,-0.00019180590524214836,0.00029659014262470307,0.00019180590524214836
0.33535604894859716,0.33398325950838625,2.439706486037058,1.3566431677729458,1.207003891050583,0.7816586556801717,1.3574359094898907,1.0064871496326102,60,2.4,0.6891770497872026,0.25550137340076085,False,withdrawal,29.0,-0.0013426413366897094,0.00019180590524214836,0.00019180590524214836,-0.00019180590524214836,0.00029659014262470307,0.00019180590524214836
0.3374877529568039,0.3361852252855897,2.28585112205281,1.3593284504463252,1.0972304875257493,0.8034485389486541,1.3595502289593784,0.977165157365224,60,2.4,0.6859928440677836,0.41114276246571274,False,withdrawal,29.0,-0.0013426413366897094,0.00019180590524214836,0.00019180590524214836,-0.00019180590524214836,0.00029659014262470307,0.00019180590524214836
0.33961485797772184,0.33829300181241706,2.1539750957804817,1.361630121309224,1.1224078736552983,0.8530098420691239,1.361597466948453,0.9477128342468213,60,2.4,0.6830176609944238,0.261790304767823,False,withdrawal,29.0,-0.0013426413366897094,0.00019180590524214836,0.00019180590524214836,-0.00019180590524214836,0.00029659014262470307,0.00019180590524214836
0.3417192989727482,0.34043650602689013,2.0220990695082555,1.3639317921721208,1.0448615243762873,0.8713817044327463,1.3635610897681951,0.918439886204226,60,2.4,0.6802708847233252,0.35461680887483776,False,withdrawal,29.0,-0.0013426413366897094,0.00019180590524214836,0.00019180590524214836,-0.00019180590524214836,0.00029659014262470307,0.00019180590524214836
0.3439158389810473,0.3424837568309158,1.9122023809480495,1.3658498512245352,0.9844357976653697,0.825665674830244,1.3655448407255322,0.8878012258300126,60,2.4,0.6776102774557625,0.4273866751107257,False,withdrawal,29.0,-0.0013426413366897094,0.00019180590524214836,0.00019180590524214836,-0.00019180590524214836,0.00029659014262470307,0.00019180590524214836
0.3459992179996334,0.3446960861328989,1.780326354675721,1.3681515220874338,0.9219958800640882,0.7696955825131617,1.3673641672830994,0.858713798716671,60,2.4,0.6752792280390681,0.47616094454519986,False,withdrawal,29.0,-0.0013426413366897094,0.00019180590524214836,0.00019180590524214836,-0.00019180590524214836,0.00029659014262470307,0.00019180590524214836
0.3480767759610899,0.3467303066281602,1.6924090038275361,1.3696859693293657,0.8817120622568098,0.7252613107499819,1.3691180796395002,0.8297304366278997,60,2.4,0.673138953943486,0.5143096710421695,False,withdrawal,29.0,-0.0013426413366897094,0.00019180590524214836,0.00019180590524214836,-0.00019180590524214836,0.00029659014262470307,0.00019180590524214836
0.3501333629828878,0.3487855516723357,1.5825123152673302,1.37160402838178,0.8444495307850772,0.6748455024032971,1.370795044545437,0.8011077549854764,60,2.4,0.671199121402686,0.5186398293030652,False,withdrawal,29.0,-0.0013426413366897094,0.00019180590524214836,0.00019180590524214836,-0.00019180590524214836,0.00029659014262470307,0.00019180590524214836
0.3522374029853381,0.3508957354351878,1.4726156267071244,1.3735220874341945,0.8424353398947133,0.6133211261158156,1.3724498981774476,0.7719403725447282,60,2.4,0.6693960666128053,0.435876789568027,False,withdrawal,29.0,-0.0013426413366897094,0.00019180590524214836,0.00019180590524214836,-0.00019180590524214836,0.00029659014262470307,0.00019180590524214836
0.35433334700064734,0.3530054136062972,1.3846982758588375,1.375056534676128,0.7779812314030679,0.5693141069657432,1.3740375295993084,0.7430459335426631,60,2.4,0.6677797458711477,0.5227947263969922,False,withdrawal,29.0,-0.0013426413366897094,0.00019180590524214836,0.00019180590524214836,-0.00019180590524214836,0.00029659014262470307,0.00019180590524214836
0.35642110399203375,0.355087750882376,1.2748015872986318,1.3769745937285425,0.8484779125658051,0.5223163195239184,1.3755589566969941,0.7144663985224573,60,2.4,0.6663452622990846,0.25977940670214933,False,withdrawal,29.0,-0.0013426413366897094,0.00019180590524214836,0.00019180590524214836,-0.00019180590524214836,0.00029659014262470307,0.00019180590524214836
0.3585334099479951,0.35718992754118517,1.1868842364504468,1.3785090409704743,0.7900663767452514,0.5120622568093385,1.3770378024490382,0.6857976472702538,60,2.4,0.6650691341868871,0.3265498721607235,False,withdrawal,29.0,-0.0013426413366897094,0.00019180590524214836,0.00019180590524214836,-0.00019180590524214836,0.00029659014262470307,0.00019180590524214836
0.3606602849904448,0.35928228916600347,1.0989668856022619,1.3800434882124062,0.7759670405127039,0.4522468909742887,1.3784659653782376,0.6572228065348737,60,2.4,0.6639590173651839,0.2843214857682775,False,withdrawal,29.0,-0.0013426413366897094,0.00019180590524214836,0.00019180590524214836,-0.00019180590524214836,0.00029659014262470307,0.00019180590524214836
0.36282127595040947,0.3614427759312093,1.0110495347540767,1.381577935454338,0.772945754177158,0.37235065232318654,1.3798551500528131,0.6285299487031448,60,2.4,0.6630072160778631,0.21304215884873562,False,withdrawal,29.0,-0.0013426413366897094,0.00019180590524214836,0.00019180590524214836,-0.00019180590524214836,0.00029659014262470307,0.00019180590524214836
0.36523727496387437,0.3636977818678133,0.9011528461938709,1.3834959945067524,0.7084916456855126,0.4039673456931414,1.3813353741522207,0.596905762205479,60,2.4,0.6621486745895833,0.26470533296560156,False,withdrawal,29.0,-0.0013426413366897094,0.00019180590524214836,0.00019180590524214836,-0.00019180590524214836,0.00029659014262470307,0.00019180590524214836
0.3673643689835444,0.3636977818678133,0.9011528461938709,1.3834959945067524,0.7084916456855126,0.4039673456931414,1.3825758263014916,0.5695007219220449,60,2.4,0.6615682629802295,0.2727799536322554,False,withdrawal,29.0,-0.0013426413366897094,0.00019180590524214836,0.00019180590524214836,-0.00019180590524214836,0.00029659014262470307,0.00019180590524214836
0.3694784389808774,0.3636977818678133,0.9011528461938709,1.3834959945067524,0.7084916456855126,0.4039673456931414,1.3837513859686736,0.5427046545603129,60,2.4,0.6611501971486211,0.2785849061634149,False,withdrawal,29.0,-0.0013426413366897094,0.00019180590524214836,0.00019180590524214836,-0.00019180590524214836,0.00029659014262470307,0.00019180590524214836
0.37157761899288744,0.37132855935487896,0.615421455937295,1.3884829480430305,0.6531013962005048,0.41422140840772137,1.384863099641571,0.5165638404018451,60,2.4,0.6608878045386488,0.11600676653429143,False,withdrawal,29.0,-0.0013426413366897094,0.00019180590524214836,0.00019180590524214836,-0.00019180590524214836,0.00029659014262470307,0.00019180590524214836
0.37366572697646916,0.37232968967873603,0.5934421182251725,1.3888665598535148,0.6551155870908687,0.4526741435873962,1.3859150166563083,0.49105123530880523,60,2.4,0.660773811257605,0.0899267751482643,False,withdrawal,29.0,-0.0013426413366897094,0.00019180590524214836,0.00019180590524214836,-0.00019180590524214836,0.00029659014262470307,0.00019180590524214836
0.37574537994805723,0.3744178269407712,0.5055247673769875,1.3904010070954467,0.6007324330510428,0.511635004196231,1.3869102541468832,0.4661550932418068,60,2.4,0.6608019710455453,0.12837117858956937,False,withdrawal,29.0,-0.0013426413366897094,0.00019180590524214836,0.00019180590524214836,-0.00019180590524214836,0.00029659014262470307,0.00019180590524214836
0.37782821798464283,0.37648822512710467,0.46156609195294585,1.3911682307164117,0.5554131380178546,0.5714503700312807,1.387855678010282,0.4417595277914348,60,2.4,0.6609677373603848,0.18944591044919318,False,withdrawal,29.0,-0.0013426413366897094,0.00019180590524214836,0.00019180590524214836,-0.00019180590524214836,0.00029659014262470307,0.00019180590524214836
0.37991267896723,0.37865232618059963,0.39562807881678164,1.392319066147861,0.5574273289082186,0.5799954222934307,1.3887515503558092,0.4179085300411205,60,2.4,0.6612671618207188,0.11237109701657333,False,withdrawal,29.0,-0.0013426413366897094,0.00019180590524214836,0.00019180590524214836,-0.00019180590524214836,0.00029659014262470307,0.00019180590524214836
0.38199718098621815,0.380699873669073,0.35166940339274005,1.393086289768826,0.46880292973220605,0.6381017776760505,1.389598329481319,0.39464311436674215,60,2.4,0.6616957418978702,0.2744345677703317,False,withdrawal,29.0,-0.0013426413366897094,0.00019180590524214836,0.00019180590524214836,-0.00019180590524214836,0.00029659014262470307,0.00019180590524214836
0.3840751799871214,0.3827720800181851,0.28573139025657585,1.3942371252002754,0.4144197756923802,0.6611734187838572,1.390394821426777,0.3720541066202392,60,2.4,0.6622469923824176,0.3300311601993704,False,withdrawal,29.0,-0.0013426413366897094,0.00019180590524214836,0.00019180590524214836,-0.00019180590524214836,0.00029659014262470307,0.00019180590524214836
0.38629421399673447,0.38479924225248396,0.24177271483253424,1.3950043488212405,0.3660791943236461,0.6705729762722221,1.3911942872454324,0.34861887338473796,60,2.4,0.6629671006754981,0.3924586358736325,False,withdrawal,29.0,0.0013426413366897094,0.00019180590524214836,0.00019180590524214836,0.0013426413366897094,0.00029659014262470307,0.00019180590524214836
0.3883940959931351,0.38703350769355893,0.19781403940839082,1.3957715724422073,0.33183794918745946,0.6765545128557271,1.3919036508936498,0.327113841372467,60,2.4,0.6637684066329193,0.42035525496348564,False,withdrawal,29.0,0.0013426413366897094,0.00019180590524214836,0.00019180590524214836,0.0013426413366897094,0.00029659014262470307,0.00019180590524214836
0.3904877249733545,0.38918583025224507,0.17583470169637003,1.3961551842526898,0.2190432593270799,0.7179980163271544,1.3925666415826086,0.3063394827580188,60,2.4,0.6646782239925971,0.658876600021976,False,withdrawal,29.0,0.0013426413366897094,0.00019180590524214836,0.00019180590524214836,0.0013426413366897094,0.00029659014262470307,0.00019180590524214836
0.3925733589567244,0.3912835724186152,0.13187602627222664,1.3969224078736566,0.3338521400778234,0.7393606469825293,1.393184559008632,0.2863204242639319,60,2.4,0.6656895361680135,0.32734248631319834,False,withdrawal,29.0,0.0013426413366897094,0.00019180590524214836,0.00019180590524214836,0.0013426413366897094,0.00029659014262470307,0.00019180590524214836
0.3946762359701097,0.3932846349780448,0.13187602627222664,1.3969224078736566,0.217029068436716,0.7534599832150768,1.3937660408662302,0.26683155510417,60,2.4,0.6668099621061212,0.5969539096624277,False,withdrawal,29.0,0.0013426413366897094,0.00019180590524214836,0.00019180590524214836,0.0013426413366897094,0.00029659014262470307,0.00019180590524214836
0.3968118369812146,0.39544002688489854,0.08791735084818501,1.3976896314946217,0.19990844586861556,0.7658503089951942,1.3943153969061333,0.24776570726729696,60,2.4,0.6680457248260012,0.5804490768735326,False,withdrawal,29.0,0.0013426413366897094,0.00019180590524214836,0.00019180590524214836,0.0013426413366897094,0.00029659014262470307,0.00019180590524214836
0.3989879879518412,0.3976483221631497,0.08791735084818501,1.3976896314946217,0.1757381551842485,0.7748226138704517,1.3948341232060817,0.22910082874789284,60,2.4,0.6694003600918759,0.6261402793322235,False,withdrawal,29.0,0.0013426413366897094,0.00019180590524214836,0.00019180590524214836,0.0013426413366897094,0.00029659014262470307,0.00019180590524214836
0.4011266349698417,0.39980238128919154,0.06593801313616421,1.3980732433051042,0.11128404669260306,0.8021667811093316,1.395305150672153,0.21151615624320108,60,2.4,0.670819324982125,0.7452908299264887,False,withdrawal,29.0,0.0013426413366897094,0.00019180590524214836,0.00019180590524214836,0.0013426413366897094,0.00029659014262470307,0.00019180590524214836
0.40321462298743427,0.40188578446395695,0.04395867542404162,1.3984568551155885,0.10826276035706428,0.826520180056459,1.395729507914519,0.195079484388196,60,2.4,0.6722825472099305,0.7170018528204842,False,withdrawal,29.0,0.0013426413366897094,0.00019180590524214836,0.00019180590524214836,0.0013426413366897094,0.00029659014262470307,0.00019180590524214836
0.40530916495481506,0.40395425620954484,0.04395867542404162,1.3984568551155885,0.11430533302815604,0.817975127794309,1.3961214793060792,0.17932155259268345,60,2.4,0.6738216647498386,0.6897380431341483,False,withdrawal,29.0,0.0013426413366897094,0.00019180590524214836,0.00019180590524214836,0.0013426413366897094,0.00029659014262470307,0.00019180590524214836
0.40766293194610626,0.4060931709827855,0.04395867542404162,1.3984568551155885,0.024673838406954474,0.8303654535744265,1.3965235689125581,0.16248936178656503,60,2.4,0.6756289057678171,0.8903889896970616,False,withdrawal,29.0,0.0013426413366897094,0.00019180590524214836,0.00019180590524214836,0.0013426413366897094,0.00029659014262470307,0.00019180590524214836
0.40974583994830027,0.40839898213744164,0.02197933771202081,1.398840466926071,0.09819180590524468,0.8525825894560164,1.396847186593722,0.1483681539685069,60,2.4,0.6772898706530509,0.6781162860639388,False,withdrawal,29.0,0.0013426413366897094,0.00019180590524214836,0.00019180590524214836,0.0013426413366897094,0.00029659014262470307,0.00019180590524214836
0.4118256429792382,0.4104857250931673,0.02197933771202081,1.398840466926071,0.022659647516590553,0.8679636835278863,1.397141728223353,0.13499222578505687,60,2.4,0.6789996289743554,0.8466734946555896,False,withdrawal,29.0,0.0013426413366897094,0.00019180590524214836,0.00019180590524214836,0.0013426413366897094,0.00029659014262470307,0.00019180590524214836
0.4139075089478865,0.4125495362095535,0.02197933771202081,1.398840466926071,0.034744792858774076,0.8585641260395214,1.3974094534252421,0.12232525481024847,60,2.4,0.6807559988652102,0.8050882974990173,False,withdrawal,29.0,0.0013426413366897094,0.00019180590524214836,0.00019180590524214836,0.0013426413366897094,0.00029659014262470307,0.00019180590524214836
0.415989595989231,0.41470155242132023,0.02197933771202081,1.398840466926071,0.05488670176241328,0.8654001678492413,1.3976515807899914,0.11037548255918583,60,2.4,0.6825509763752289,0.7443908821227074,False,withdrawal,29.0,0.0013426413366897094,0.00019180590524214836,0.00019180590524214836,0.0013426413366897094,0.00029659014262470307,0.00019180590524214836
0.41807195299770683,0.4167378220008686,0.02197933771202081,1.398840466926071,-0.005539024948504334,0.9025711451895937,1.3978695976643722,0.0991371138634678,60,2.4,0.6843779600106842,0.8773485374574918,False,withdrawal,29.0,0.0013426413366897094,0.00019180590524214836,0.00019180590524214836,0.0013426413366897094,0.00029659014262470307,0.00019180590524214836
0.4201366259949282,0.4187921648263,0.02197933771202081,1.398840466926071,-0.0035248340581404136,0.9098344396124212,1.3980633806917626,0.0886908626221139,60,2.4,0.6862141184002117,0.8609066163743189,False,withdrawal,29.0,0.0013426413366897094,0.00019180590524214836,0.00019180590524214836,0.0013426413366897094,0.00029659014262470307,0.00019180590524214836
0.4222277199733071,0.42088935407809913,0.02197933771202081,1.398840466926071,-0.03575188830396314,0.9363241016250861,1.3982383881429274,0.07880901751384428,60,2.4,0.6880919119225881,0.9269133588967127,False,withdrawal,29.0,0.0013426413366897094,0.00019180590524214836,0.00019180590524214836,0.0013426413366897094,0.00029659014262470307,0.00019180590524214836
0.42431874497560784,0.42293680884176865,0.02197933771202081,1.398840466926071,0.014602883955134871,0.9042801556420237,1.3983934522785564,0.06961929372963827,60,2.4,0.6899807925547551,0.7951992971626861,False,withdrawal,29.0,0.0013426413366897094,0.00019180590524214836,0.00019180590524214836,0.0013426413366897094,0.00029659014262470307,0.00019180590524214836
0.4264057909604162,0.42509636690374464,0.02197933771202081,1.398840466926071,-0.002517738612951348,0.9089799343862062,1.3985297699201984,0.061124540132642124,60,2.4,0.6918699568837845,0.8259696055208525,False,withdrawal,29.0,0.0013426413366897094,0.00019180590524214836,0.00019180590524214836,0.0013426413366897094,0.00029659014262470307,0.00019180590524214836
0.42872253694804385,0.4271868803189136,0.04395867542404162,1.3984568551155885,0.03575188830396314,0.9094071869993137,1.398661199694309,0.05247055485416752,60,2.4,0.6939626424109053,0.7463481168546282,False,withdrawal,29.0,0.0013426413366897094,0.00019180590524214836,0.00019180590524214836,0.0013426413366897094,0.00029659014262470307,0.00019180590524214836
0.43082459195284173,0.4271868803189136,0.04395867542404162,1.3984568551155885,0.03575188830396314,0.9094071869993137,1.3987638538080724,0.045307403541931635,60,2.4,0.6958490954095152,0.7372022535296773,False,withdrawal,29.0,0.0013426413366897094,0.00019180590524214836,0.00019180590524214836,0.0013426413366897094,0.00029659014262470307,0.00019180590524214836
0.4329458059510216,0.4271868803189136,0.04395867542404162,1.3984568551155885,0.03575188830396314,0.9094071869993137,1.3988528659170896,0.03872474132376347,60,2.4,0.6977326837411518,0.728628179078738,False,withdrawal,29.0,0.0013426413366897094,0.00019180590524214836,0.00019180590524214836,0.0013426413366897094,0.00029659014262470307,0.00019180590524214836
0.4350497349514626,0.4348867902881466,0.04395867542404162,1.3984568551155885,0.006546120393679189,0.8884718089570462,1.3989280185374178,0.03281690745575183,60,2.4,0.6995730172069328,0.7908927114656645,False,withdrawal,29.0,0.0013426413366897094,0.00019180590524214836,0.00019180590524214836,0.0013426413366897094,0.00029659014262470307,0.00019180590524214836
0.4371314909658395,0.4357877910370007,0.04395867542404162,1.3984568551155885,-0.03978027008469098,0.8850537880521863,1.398990763333567,0.02755942468328154,60,2.4,0.7013586505098528,0.8950084110316967,False,withdrawal,29.0,0.0013426413366897094,0.00019180590524214836,0.00019180590524214836,0.0013426413366897094,0.00029659014262470307,0.00019180590524214836
0.4392219239962287,0.4378886914928444,0.04395867542404162,1.3984568551155885,0.0035248340581404136,0.9149614709697111,1.399043351406634,0.022846291208933778,60,2.4,0.7031083375976075,0.7846696122222456,False,withdrawal,29.0,0.0013426413366897094,0.00019180590524214836,0.00019180590524214836,0.0013426413366897094,0.00029659014262470307,0.00019180590524214836
0.4413152829511091,0.4399424426956102,0.04395867542404162,1.3984568551155885,-0.03978027008469098,0.8961623559929812,1.399086713963039,0.018671122827685238,60,2.4,0.704808700812815,0.8828835746495469,False,withdrawal,29.0,0.0013426413366897094,0.00019180590524214836,0.00019180590524214836,0.0013426413366897094,0.00029659014262470307,0.00019180590524214836
0.4434139319928363,0.4421401956351474,0.04395867542404162,1.3984568551155885,-0.03877317463950192,0.8782177462424663,1.399121963845327,0.015006517048353984,60,2.4,0.7064529617293864,0.8754307455645483,False,withdrawal,29.0,0.0013426413366897094,0.00019180590524214836,0.00019180590524214836,0.0013426413366897094,0.00029659014262470307,0.00019180590524214836
0.44550681998953223,0.4441852207528427,0.04395867542404162,1.3984568551155885,0.03877317463950192,0.8521553368429089,1.3991499782968932,0.011844112493671233,60,2.4,0.70802397730738,0.6849816190356723,False,withdrawal,29.0,0.0013426413366897094,0.00019180590524214836,0.00019180590524214836,0.0013426413366897094,0.00029659014262470307,0.00019180590524214836
0.4475917719537392,0.4463298652553931,0.04395867542404162,1.3984568551155885,-0.026688029297318394,0.8423285267414364,1.3991717906452552,0.009153483938618479,60,2.4,0.7095122238940185,0.8384279874402706,False,withdrawal,29.0,0.0013426413366897094,0.00019180590524214836,0.00019180590524214836,0.0013426413366897094,0.00029659014262470307,0.00019180590524214836
0.4498340419959277,0.44834545586491004,0.04395867542404162,1.3984568551155885,-0.00856031128404311,0.8722362096589613,1.3991895172717494,0.0067371815409398295,60,2.4,0.7110172932050732,0.7916910053546905,False,withdrawal,29.0,0.0009590295262071891,0.00019180590524214836,0.0005754177157246687,0.0005754177157246687,0.00029659014262470307,0.00019180590524214836
0.4519172109430656,0.45065258583053946,0.04395867542404162,1.3984568551155885,-0.0045319295033152684,0.8440375371938664,1.3992015746093367,0.00490158510663008,60,2.4,0.7123175792803145,0.7796411839690762,False,withdrawal,29.0,0.0009590295262071891,0.00019180590524214836,0.0005754177157246687,0.0005754177157246687,0.00029659014262470307,0.00019180590524214836
0.45400048996089026,0.45270606712438166,0.06593801313616421,1.3980732433051042,-0.03978027008469098,0.8410467689021139,1.399210189145347,0.003425659051535135,60,2.4,0.7135144203985652,0.8854254007400769,False,withdrawal,29.0,0.0009590295262071891,0.00019180590524214836,0.0005754177157246687,0.0005754177157246687,0.00029659014262470307,0.00019180590524214836
0.45615563995670527,0.45478504069615155,0.04395867542404162,1.3984568551155885,0.020645456626226633,0.827374685282674,1.3992162354230013,0.0022398776570291545,60,2.4,0.7146340078823966,0.7160234368010935,False,withdrawal,29.0,0.0009590295262071891,0.00019180590524214836,0.0005754177157246687,0.0005754177157246687,0.00029659014262470307,0.00019180590524214836
0.45826103194849566,0.45694364089285955,0.04395867542404162,1.3984568551155885,0.009567406729232175,0.8124208438239116,1.39921999574422,0.0013776855405698285,60,2.4,0.7156017296618181,0.7417348365269171,False,withdrawal,29.0,0.0009590295262071891,0.00019180590524214836,0.0005754177157246687,0.0005754177157246687,0.00029659014262470307,0.00019180590524214836
0.46037284698104486,0.4589965249761008,0.04395867542404162,1.3984568551155885,0.11128404669260306,0.8312199588006415,1.3992222188384371,0.0007666309555141027,60,2.4,0.7164375707552598,0.49711759635716446,False,withdrawal,29.0,0.0009590295262071891,0.00019180590524214836,0.0005754177157246687,0.0005754177157246687,0.00029659014262470307,0.00019180590524214836
0.46251052198931575,0.4611916221329011,0.04395867542404162,1.3984568551155885,-0.024673838406954474,0.839337758449684,1.3992233926824955,0.0003641602649402387,60,2.4,0.7171360931419529,0.8232195439689222,False,withdrawal,29.0,0.0009590295262071891,0.00019180590524214836,0.0005754177157246687,0.0005754177157246687,0.00029659014262470307,0.00019180590524214836
0.4646279879962094,0.4633379972074181,0.06593801313616421,1.3980732433051042,0.022659647516590553,0.7923399710078591,1.3992238958824932,0.00013555776084395177,60,2.4,0.7176715572032012,0.7326528964327493,False,withdrawal,29.0,0.0009590295262071891,0.00019180590524214836,0.0005754177157246687,0.0005754177157246687,0.00029659014262470307,0.00019180590524214836
0.46675712696742266,0.46538868686184287,0.04395867542404162,1.3984568551155885,0.045822842755782744,0.8038757915617616,1.3992240542866685,3.007924009779117e-05,60,2.4,0.7180426670436291,0.6541719848707872,False,withdrawal,29.0,0.0009590295262071891,0.00019180590524214836,0.0005754177157246687,0.0005754177157246687,0.00029659014262470307,0.00019180590524214836
0.46887285995762795,0.46749437251128256,0.04395867542404162,1.3984568551155885,0.036758983749138,0.7914854657816441,1.3992240783772758,1.2738505912324172e-06,60,2.4,0.7182349162798696,0.6760498082245967,False,withdrawal,29.0,0.0009590295262071891,0.00019180590524214836,0.0005754177157246687,0.0005754177157246687,0.00029659014262470307,0.00019180590524214836
0.47115461697103456,0.4696478313417174,0.04395867542404162,1.3984568551155885,-0.028702220187682315,0.8085755703059441,1.3992240787365535,0,40,1.8,0.897873405050612,0.9802263462270416,False,settling,29.0,0.0009590295262071891,0.00019180590524214836,0.0005754177157246687,0.0005754177157246687,0.00029659014262470307,0.00019180590524214836
0.47325112094404176,0.47195046179695055,0.04395867542404162,1.3984568551155885,-0.009567406729232175,0.7996032654306866,1.3992240787365535,0,40,1.8,0.8979654718851275,0.9458757488363472,False,settling,29.0,0.0009590295262071891,0.00019180590524214836,0.0005754177157246687,0.0005754177157246687,0.00029659014262470307,0.00019180590524214836
0.4753405929659493,0.47400751657551154,0.04395867542404162,1.3984568551155885,-0.03776607919432706,0.8683909361409938,1.3992240787365535,0,40,1.8,0.8980575387196434,0.9967254261080338,False,settling,29.0,0.0009590295262071891,0.00019180590524214836,0.0005754177157246687,0.0005754177157246687,0.00029659014262470307,0.00019180590524214836
0.47742288996232674,0.4760844611446373,0.04395867542404162,1.3984568551155885,-0.0045319295033152684,0.8735179674982838,1.3992240787365535,0,40,1.8,0.8981496055541592,0.9369960234987283,False,settling,29.0,0.0009590295262071891,0.00019180590524214836,0.0005754177157246687,0.0005754177157246687,0.00029659014262470307,0.00019180590524214836
0.4795064599602483,0.47819464042549953,0.06593801313616421,1.3980732433051042,0.0417944609750549,0.9012893873502712,1.3992240787365535,0,40,1.8,0.8982877058059331,0.8690910933088078,False,settling,29.0,0.0009590295262071891,0.00019180590524214836,0.0005754177157246687,0.0005754177157246687,0.00029659014262470307,0.00019180590524214836
0.48159032996045426,0.4802444577217102,0.06593801313616421,1.3980732433051042,-0.06294346532386896,0.8991531242847337,1.3992240787365535,0,40,1.8,0.898425806057707,1.0577574608986449,False,settling,29.0,0.0009590295262071891,0.00019180590524214836,0.0005754177157246687,0.0005754177157246687,0.00029659014262470307,0.00019180590524214836
0.48367159499321133,0.48234481969848275,0.06593801313616421,1.3980732433051042,-0.0317235065232353,0.9081254291599912,1.3992240787365535,0,40,1.8,0.8985639063094812,1.0016996353092782,False,settling,29.0,0.0009590295262071891,0.00019180590524214836,0.0005754177157246687,0.0005754177157246687,0.00029659014262470307,0.00019180590524214836
0.48575133696431294,0.48439252632670105,0.06593801313616421,1.3980732433051042,0.006546120393679189,0.8953078507667662,1.3992240787365535,0,40,1.8,0.8987020065612551,0.932952407110606,False,settling,29.0,0.0009590295262071891,0.00019180590524214836,0.0005754177157246687,0.0005754177157246687,0.00029659014262470307,0.00019180590524214836
0.4878302079741843,0.48649103444768116,0.04395867542404162,1.3984568551155885,0.01661707484549879,0.8906080720225837,1.3992240787365535,0,40,1.8,0.8987940733957709,0.8995722835124746,False,settling,29.0,0.0009590295262071891,0.00019180590524214836,0.0005754177157246687,0.0005754177157246687,0.00029659014262470307,0.00019180590524214836
0.4899186069960706,0.4885505933780223,0.04395867542404162,1.3984568551155885,0.01661707484549879,0.9068436713206687,1.3992240787365535,0,40,1.8,0.8988861402302867,0.8996643503469904,False,settling,29.0,0.0009590295262071891,0.00019180590524214836,0.0005754177157246687,0.0005754177157246687,0.00029659014262470307,0.00019180590524214836
0.49218628596281633,0.49065196129959077,0.04395867542404162,1.3984568551155885,0.028702220187682315,0.9089799343862062,1.3992240787365535,0,40,1.8,0.8989782070648024,0.878003155565576,False,settling,29.0,0.0009590295262071891,0.00019180590524214836,0.0005754177157246687,0.0005754177157246687,0.00029659014262470307,0.00019180590524214836
0.4942736129742116,0.49065196129959077,0.04395867542404162,1.3984568551155885,0.028702220187682315,0.9089799343862062,1.3992240787365535,0,40,1.8,0.8990702738993184,0.8780952224000917,False,settling,29.0,0.0009590295262071891,0.00019180590524214836,0.0005754177157246687,0.0005754177157246687,0.00029659014262470307,0.00019180590524214836
0.4963557899463922,0.49065196129959077,0.04395867542404162,1.3984568551155885,0.028702220187682315,0.9089799343862062,1.3992240787365535,0,40,1.8,0.8991623407338339,0.8781872892346075,False,settling,29.0,0.0009590295262071891,0.00019180590524214836,0.0005754177157246687,0.0005754177157246687,0.00029659014262470307,0.00019180590524214836
0.49838663695845753,0.4982368954224512,0.04395867542404162,1.3984568551155885,-0.020645456626226633,0.9085526817730987,1.3992240787365535,0,40,1.8,0.89925440756835,0.9671051743341594,False,settling,29.0,0.0009590295262071891,0.00019180590524214836,0.0005754177157246687,0.0005754177157246687,0.00029659014262470307,0.00019180590524214836
0.5005499819526449,0.49923805642174557,0.04395867542404162,1.3984568551155885,0.06092927443350504,0.9205157549401086,1.3992240787365535,0,40,1.8,0.8993464744028657,0.8203627252611582,False,settling,29.0,0.0009590295262071891,0.00019180590524214836,0.0005754177157246687,0.0005754177157246687,0.00029659014262470307,0.00019180590524214836
0.5027383669512346,0.5013288915506564,0.04395867542404162,1.3984568551155885,0.02568093385214354,0.9235065232318611,1.3992240787365535,0,40,1.8,0.8994385412373814,0.8839018051421247,False,settling,29.0,0.0009590295262071891,0.00019180590524214836,0.0005754177157246687,0.0005754177157246687,0.00029659014262470307,0.00019180590524214836
0.5048793889582157,0.5036661947378889,0.02197933771202081,1.398840466926071,0.0317235065232353,0.9358968490119786,1.3992240787365535,0,40,1.8,0.8994845746546395,0.8577267353321166,False,settling,29.0,0.0009590295262071891,0.00019180590524214836,0.0005754177157246687,0.0005754177157246687,0.00029659014262470307,0.00019180590524214836
0.5069816149771214,0.5057165720500052,0.04395867542404162,1.3984568551155885,0.02366674296177962,0.941451132982376,1.3992240787365535,0,40,1.8,0.8995766414891552,0.8876654489965535,False,settling,29.0,0.0009590295262071891,0.00019180590524214836,0.0005754177157246687,0.0005754177157246687,0.00029659014262470307,0.00019180590524214836
0.5090744919725694,0.507746450486593,0.04395867542404162,1.3984568551155885,-0.06193636987869411,0.957686732280461,1.3992240787365535,0,40,1.8,0.899668708323671,1.041843118943922,False,settling,29.0,0.0009590295262071891,0.00019180590524214836,0.0005754177157246687,0.0005754177157246687,0.00029659014262470307,0.00019180590524214836
0.5111319809802808,0.5098426759359427,0.04395867542404162,1.3984568551155885,0.06193636987869411,0.9256427862973986,1.3992240787365535,0,40,1.8,0.8997607751581866,0.818964254215139,False,settling,29.0,0.0009590295262071891,0.00019180590524214836,0.0005754177157246687,0.0005754177157246687,0.00029659014262470307,0.00019180590524214836
